run,card_id,card_frequency
0,25,2
0,30,3
0,48,5
0,19,4
0,24,3
0,8,2
0,11,3
0,42,3
0,14,1
0,1,2
0,5,2
0,40,4
0,7,2
0,46,2
0,47,5
0,13,1
0,10,1
0,57,1
0,21,3
0,49,1
0,9,5
0,18,3
0,27,2
0,20,3
0,29,3
0,31,1
0,26,1
0,4,2
0,41,3
0,58,1
0,22,3
0,45,3
0,17,2
0,15,2
0,12,2
0,59,1
0,37,1
0,60,1
0,36,3
0,6,2
0,39,1
0,3,2
0,23,1
0,61,1
0,32,1
1,22,3
1,2,4
1,20,3
1,42,5
1,1,3
1,7,3
1,49,1
1,27,3
1,13,3
1,17,2
1,8,4
1,37,3
1,47,2
1,16,3
1,14,3
1,36,2
1,5,3
1,23,1
1,38,3
1,3,3
1,24,3
1,31,1
1,50,1
1,39,3
1,45,2
1,46,2
1,18,1
1,19,3
1,25,2
1,30,2
1,4,2
1,48,3
1,10,2
1,15,2
1,9,1
1,6,1
1,51,1
1,40,2
1,28,2
1,52,1
1,11,3
1,26,1
1,53,1
1,44,1
2,21,3
2,11,4
2,43,4
2,41,2
2,24,3
2,29,4
2,31,1
2,13,3
2,45,2
2,40,1
2,26,3
2,1,1
2,5,3
2,15,3
2,12,2
2,3,3
2,27,4
2,19,2
2,25,2
2,57,1
2,7,3
2,14,4
2,42,2
2,22,1
2,44,1
2,10,4
2,48,4
2,47,1
2,8,4
2,46,1
2,6,4
2,28,3
2,20,2
2,37,1
2,30,1
2,17,2
2,18,3
2,58,1
2,39,1
2,38,2
2,59,1
2,36,1
2,16,1
2,60,1
3,2,2
3,26,4
3,36,6
3,38,2
3,15,2
3,4,4
3,41,2
3,39,2
3,9,5
3,29,2
3,16,4
3,3,2
3,44,1
3,40,2
3,48,3
3,22,2
3,31,1
3,25,3
3,43,1
3,24,4
3,47,2
3,28,4
3,46,2
3,32,1
3,8,2
3,30,2
3,33,1
3,23,3
3,1,4
3,13,3
3,19,4
3,45,3
3,57,1
3,37,2
3,21,2
3,27,1
3,18,2
3,34,1
3,42,1
3,10,1
3,17,1
3,35,1
3,20,1
3,12,1
4,6,3
4,17,2
4,28,3
4,47,4
4,49,1
4,43,3
4,26,4
4,41,3
4,18,3
4,37,2
4,23,3
4,50,1
4,12,3
4,27,4
4,44,4
4,10,2
4,3,2
4,46,2
4,22,3
4,20,2
4,9,2
4,14,4
4,19,3
4,2,1
4,16,2
4,29,2
4,31,1
4,38,4
4,8,4
4,11,3
4,30,1
4,13,2
4,40,2
4,1,2
4,48,1
4,42,1
4,36,1
4,5,2
4,4,2
4,24,1
4,45,1
4,32,1
4,25,1
4,21,1
4,7,1
5,39,2
5,4,2
5,43,2
5,19,4
5,9,2
5,41,4
5,31,1
5,7,3
5,23,3
5,6,4
5,28,1
5,22,4
5,2,1
5,38,2
5,14,1
5,8,2
5,42,5
5,17,2
5,13,2
5,3,4
5,10,3
5,1,2
5,29,1
5,15,3
5,37,3
5,47,1
5,26,1
5,21,1
5,5,3
5,32,1
5,25,3
5,48,2
5,36,2
5,12,3
5,24,1
5,40,2
5,16,3
5,18,2
5,44,2
5,20,1
5,11,2
5,46,3
5,30,1
5,33,1
5,27,1
5,45,1
6,7,5
6,26,4
6,46,2
6,1,3
6,22,2
6,23,2
6,16,4
6,8,2
6,31,1
6,12,1
6,20,2
6,30,2
6,6,2
6,10,3
6,4,4
6,36,2
6,18,2
6,28,2
6,38,2
6,43,4
6,41,3
6,45,2
6,37,2
6,5,2
6,57,1
6,17,2
6,13,1
6,3,3
6,25,3
6,44,2
6,21,1
6,11,3
6,15,4
6,47,2
6,40,2
6,29,1
6,58,1
6,59,1
6,60,1
6,32,1
6,24,2
6,39,2
6,48,2
6,14,2
6,42,1
6,9,1
6,27,1
7,24,4
7,36,3
7,7,2
7,2,2
7,4,5
7,42,3
7,15,5
7,26,3
7,13,2
7,22,4
7,28,2
7,48,6
7,18,3
7,14,3
7,5,2
7,29,3
7,44,2
7,20,2
7,37,1
7,8,3
7,25,3
7,45,2
7,41,1
7,39,4
7,49,1
7,30,3
7,57,1
7,3,2
7,47,1
7,12,3
7,31,1
7,17,1
7,21,2
7,10,1
7,6,3
7,50,1
7,32,1
7,27,2
7,9,1
7,51,1
7,38,2
7,58,1
7,16,1
7,19,1
8,37,2
8,26,4
8,21,3
8,14,3
8,45,4
8,57,1
8,9,1
8,38,4
8,46,5
8,25,2
8,18,2
8,16,3
8,5,2
8,30,3
8,29,3
8,19,3
8,28,2
8,47,4
8,8,1
8,20,3
8,40,2
8,7,1
8,10,2
8,48,1
8,44,3
8,24,2
8,42,4
8,43,3
8,2,1
8,23,3
8,12,4
8,13,2
8,39,2
8,22,4
8,58,1
8,3,2
8,36,1
8,41,2
8,11,3
8,4,1
8,17,1
9,29,5
9,31,1
9,27,3
9,18,3
9,41,5
9,48,5
9,17,3
9,43,2
9,38,3
9,49,1
9,23,3
9,19,3
9,37,6
9,14,2
9,11,5
9,20,2
9,32,1
9,1,3
9,39,1
9,3,4
9,8,2
9,4,2
9,47,2
9,46,1
9,21,2
9,36,4
9,45,2
9,9,2
9,42,2
9,25,1
9,6,2
9,44,1
9,50,1
9,13,2
9,22,1
9,33,1
9,30,1
9,2,1
9,26,1
9,15,3
9,51,1
9,16,1
9,52,1
9,10,1
9,34,1
10,22,3
10,39,2
10,49,1
10,17,4
10,2,1
10,27,1
10,14,5
10,25,2
10,28,2
10,16,3
10,10,1
10,40,3
10,1,4
10,9,2
10,4,2
10,11,4
10,23,1
10,7,7
10,6,5
10,38,1
10,26,2
10,57,1
10,19,1
10,29,2
10,44,3
10,42,2
10,58,1
10,36,4
10,46,3
10,3,3
10,37,1
10,24,1
10,50,1
10,15,2
10,8,1
10,59,1
10,45,1
10,60,1
10,47,3
10,48,3
10,20,2
10,5,2
10,43,1
10,21,1
10,51,1
10,18,1
10,31,1
11,16,2
11,25,2
11,31,1
11,44,3
11,36,3
11,37,1
11,45,3
11,9,3
11,10,2
11,28,4
11,38,2
11,5,4
11,17,3
11,27,5
11,46,1
11,26,3
11,47,4
11,30,2
11,41,2
11,1,2
11,8,2
11,11,2
11,43,2
11,32,1
11,18,2
11,21,3
11,24,3
11,13,3
11,20,4
11,48,1
11,49,1
11,22,1
11,50,1
11,23,2
11,2,4
11,7,2
11,33,1
11,3,2
11,42,1
11,19,1
11,4,2
11,51,1
11,29,1
11,39,1
11,6,1
11,15,2
11,52,1
12,23,1
12,10,3
12,1,1
12,15,2
12,13,3
12,42,2
12,37,2
12,47,4
12,18,1
12,5,4
12,29,2
12,9,5
12,26,2
12,41,3
12,46,3
12,3,2
12,39,2
12,28,4
12,44,2
12,21,3
12,2,5
12,24,2
12,14,2
12,45,2
12,38,2
12,7,5
12,16,3
12,31,1
12,48,3
12,19,2
12,30,3
12,17,2
12,11,3
12,36,1
12,32,1
12,43,2
12,27,3
12,20,3
12,57,1
12,33,1
12,6,1
12,58,1
13,36,4
13,14,2
13,18,4
13,28,2
13,21,3
13,41,4
13,24,2
13,29,2
13,7,6
13,46,2
13,17,1
13,25,2
13,40,3
13,11,2
13,26,3
13,45,4
13,48,1
13,9,3
13,31,1
13,6,1
13,2,3
13,5,1
13,37,3
13,1,2
13,38,2
13,10,2
13,23,2
13,32,1
13,42,2
13,33,1
13,15,1
13,22,2
13,16,3
13,8,4
13,19,2
13,20,2
13,13,2
13,12,2
13,39,2
13,49,1
13,43,2
13,30,1
13,44,1
13,27,1
13,3,2
13,34,1
14,22,2
14,45,4
14,17,4
14,57,1
14,8,3
14,47,3
14,9,5
14,38,3
14,14,2
14,20,2
14,21,2
14,31,1
14,36,6
14,32,1
14,5,2
14,15,4
14,39,1
14,40,4
14,33,1
14,48,2
14,58,1
14,19,3
14,24,1
14,27,3
14,44,1
14,6,4
14,28,3
14,34,1
14,2,2
14,18,1
14,23,4
14,37,3
14,4,1
14,26,2
14,43,1
14,13,2
14,46,1
14,11,1
14,35,1
14,12,2
14,16,1
14,10,1
14,42,2
14,41,1
14,59,1
14,29,2
14,7,1
15,11,1
15,21,5
15,6,6
15,19,3
15,20,1
15,2,3
15,36,2
15,12,2
15,42,5
15,43,4
15,23,4
15,15,1
15,29,2
15,57,1
15,7,2
15,46,2
15,17,4
15,39,4
15,4,2
15,27,3
15,58,1
15,31,1
15,45,3
15,14,3
15,48,1
15,24,2
15,44,4
15,26,2
15,1,1
15,38,2
15,59,1
15,8,1
15,3,2
15,30,3
15,41,2
15,32,1
15,22,2
15,25,1
15,40,1
15,10,1
15,60,1
15,33,1
15,34,1
15,16,1
15,61,1
15,62,1
15,9,1
15,13,1
16,47,4
16,41,4
16,1,3
16,23,1
16,48,2
16,30,5
16,37,2
16,17,4
16,46,3
16,19,2
16,21,3
16,4,3
16,49,1
16,42,3
16,3,2
16,28,5
16,57,1
16,2,2
16,14,4
16,38,1
16,27,7
16,11,1
16,8,1
16,44,1
16,45,1
16,7,3
16,58,1
16,22,1
16,50,1
16,40,1
16,29,2
16,10,2
16,26,3
16,24,2
16,39,1
16,13,2
16,6,1
16,12,2
16,43,2
16,9,2
16,20,1
16,25,2
16,18,1
16,15,2
16,31,1
16,5,1
17,42,2
17,18,2
17,39,4
17,17,1
17,40,4
17,12,3
17,29,4
17,5,5
17,44,1
17,31,1
17,4,1
17,2,4
17,11,5
17,57,1
17,10,2
17,23,3
17,25,3
17,30,2
17,16,3
17,3,1
17,36,3
17,38,2
17,28,2
17,48,5
17,46,3
17,14,1
17,43,3
17,9,4
17,8,2
17,47,3
17,26,1
17,24,1
17,37,2
17,19,2
17,15,1
17,32,1
17,22,1
17,33,1
17,13,1
17,58,1
17,34,1
17,59,1
17,21,1
17,7,1
17,20,1
17,60,1
17,61,1
17,35,1
18,44,3
18,6,3
18,19,1
18,1,2
18,24,3
18,22,2
18,49,1
18,36,2
18,28,2
18,3,2
18,11,4
18,41,4
18,16,4
18,2,5
18,45,3
18,20,2
18,39,3
18,27,4
18,4,4
18,26,1
18,31,1
18,30,2
18,48,2
18,47,1
18,15,4
18,5,2
18,25,4
18,46,4
18,42,2
18,12,1
18,18,2
18,32,1
18,10,2
18,38,2
18,23,2
18,13,2
18,29,1
18,37,1
18,17,1
18,8,1
18,57,1
18,33,1
18,14,1
18,9,1
18,7,1
18,43,2
19,49,1
19,10,5
19,43,6
19,42,3
19,11,1
19,23,2
19,50,1
19,16,2
19,6,3
19,51,1
19,1,1
19,45,4
19,3,3
19,24,1
19,21,5
19,28,1
19,48,2
19,29,2
19,14,2
19,4,2
19,27,2
19,12,3
19,41,4
19,15,2
19,25,2
19,47,2
19,40,2
19,22,2
19,8,2
19,26,1
19,36,2
19,2,3
19,18,2
19,52,1
19,37,3
19,9,1
19,57,1
19,44,2
19,38,3
19,17,2
19,20,2
19,53,1
19,30,1
19,7,2
19,39,1
19,19,1
19,13,1
19,58,1
20,1,3
20,49,1
20,2,2
20,9,2
20,20,4
20,48,3
20,25,3
20,37,1
20,15,4
20,24,1
20,8,3
20,38,6
20,28,1
20,6,2
20,50,1
20,41,2
20,17,2
20,21,4
20,22,3
20,51,1
20,52,1
20,16,2
20,42,1
20,13,3
20,47,1
20,39,4
20,36,2
20,43,3
20,26,2
20,53,1
20,3,2
20,46,2
20,31,1
20,29,1
20,54,1
20,32,1
20,44,1
20,5,1
20,7,3
20,18,3
20,12,1
20,14,1
20,23,4
20,30,2
20,55,1
20,40,1
20,27,3
20,45,1
20,19,1
21,3,3
21,24,3
21,18,7
21,15,1
21,41,2
21,19,5
21,8,3
21,42,4
21,40,1
21,44,4
21,6,3
21,57,1
21,58,1
21,5,3
21,22,4
21,23,3
21,48,1
21,7,4
21,13,1
21,47,1
21,14,1
21,37,3
21,29,2
21,21,3
21,11,4
21,27,3
21,43,3
21,45,2
21,28,2
21,10,3
21,25,2
21,17,2
21,2,2
21,12,2
21,38,2
21,31,1
21,16,2
21,1,2
21,59,1
21,60,1
21,32,1
21,20,1
22,37,5
22,2,1
22,12,5
22,40,2
22,38,3
22,27,5
22,10,5
22,13,1
22,9,2
22,19,3
22,14,3
22,4,4
22,8,2
22,29,1
22,1,3
22,41,2
22,6,4
22,30,2
22,42,4
22,47,2
22,21,3
22,26,2
22,15,3
22,31,1
22,16,1
22,39,3
22,3,3
22,43,3
22,44,2
22,46,1
22,7,4
22,20,1
22,22,1
22,57,1
22,48,2
22,24,2
22,45,2
22,17,2
22,36,1
22,25,1
22,23,1
22,32,1
23,48,1
23,23,3
23,18,1
23,38,1
23,17,4
23,46,3
23,15,2
23,8,3
23,37,2
23,5,3
23,12,4
23,26,3
23,30,3
23,7,3
23,24,4
23,20,4
23,6,4
23,21,5
23,13,1
23,11,2
23,47,2
23,3,3
23,4,2
23,41,4
23,57,1
23,9,2
23,1,1
23,14,3
23,42,2
23,58,1
23,44,2
23,25,2
23,59,1
23,39,4
23,43,3
23,36,1
23,10,1
23,29,3
23,16,1
23,45,1
23,27,2
23,31,1
23,28,1
24,21,4
24,47,2
24,41,3
24,43,3
24,38,3
24,1,4
24,4,4
24,31,1
24,19,2
24,7,2
24,25,5
24,30,3
24,40,3
24,13,3
24,26,3
24,6,5
24,28,2
24,14,2
24,20,2
24,37,1
24,24,2
24,42,5
24,2,2
24,45,1
24,8,1
24,5,2
24,46,2
24,11,3
24,29,2
24,16,1
24,48,2
24,32,1
24,44,2
24,27,2
24,39,1
24,17,3
24,57,1
24,58,1
24,59,1
24,22,2
24,18,1
24,60,1
24,9,2
24,23,1
24,12,1
25,41,3
25,25,3
25,44,3
25,16,2
25,9,3
25,13,1
25,29,2
25,3,2
25,40,3
25,45,1
25,43,3
25,21,2
25,14,1
25,18,3
25,23,3
25,31,1
25,49,1
25,5,1
25,6,5
25,1,5
25,17,2
25,27,1
25,28,4
25,32,1
25,20,2
25,33,1
25,4,4
25,46,3
25,8,2
25,26,3
25,19,2
25,34,1
25,38,3
25,50,1
25,42,3
25,37,1
25,47,1
25,2,2
25,11,1
25,30,1
25,10,2
25,22,2
25,39,1
25,7,1
25,35,1
25,51,1
25,24,2
25,12,1
25,52,1
25,48,1
26,12,3
26,18,1
26,19,3
26,44,1
26,6,3
26,8,2
26,1,3
26,23,4
26,39,2
26,47,2
26,11,3
26,48,1
26,41,3
26,24,4
26,43,4
26,4,3
26,3,3
26,42,4
26,15,4
26,30,3
26,26,3
26,37,3
26,17,1
26,27,3
26,16,2
26,13,2
26,22,3
26,2,1
26,5,1
26,28,1
26,38,3
26,25,3
26,45,2
26,36,3
26,7,2
26,57,1
26,14,3
26,58,1
26,20,1
26,31,1
26,46,1
26,32,1
26,9,1
26,40,1
27,49,1
27,8,3
27,44,6
27,18,1
27,42,4
27,19,2
27,17,3
27,48,3
27,12,4
27,5,3
27,46,2
27,37,4
27,14,2
27,3,2
27,20,3
27,21,2
27,6,3
27,13,3
27,29,4
27,11,4
27,27,2
27,26,2
27,23,2
27,9,2
27,15,1
27,41,3
27,22,2
27,39,2
27,38,1
27,25,3
27,4,2
27,47,3
27,24,2
27,50,1
27,10,2
27,16,2
27,36,2
27,1,1
27,7,2
27,43,1
27,2,1
27,31,1
27,45,1
28,44,4
28,13,1
28,22,2
28,25,4
28,27,2
28,29,2
28,11,2
28,43,1
28,14,2
28,6,5
28,57,1
28,8,5
28,30,4
28,49,1
28,10,2
28,48,3
28,15,3
28,20,4
28,45,2
28,1,3
28,9,3
28,28,4
28,31,1
28,37,1
28,21,3
28,4,2
28,26,3
28,19,2
28,36,1
28,38,3
28,18,2
28,16,1
28,42,3
28,23,2
28,46,2
28,24,3
28,5,2
28,32,1
28,58,1
28,3,1
28,33,1
28,7,1
28,34,1
28,39,1
28,12,1
28,41,1
29,19,2
29,15,2
29,16,3
29,7,3
29,47,2
29,21,2
29,44,5
29,11,3
29,1,1
29,42,2
29,45,5
29,22,2
29,13,8
29,40,4
29,39,7
29,3,2
29,10,3
29,30,2
29,26,2
29,23,2
29,6,2
29,25,1
29,14,1
29,5,2
29,4,2
29,17,1
29,36,1
29,20,3
29,41,2
29,37,2
29,2,2
29,28,2
29,12,1
29,24,3
29,9,2
29,18,2
29,29,1
29,49,1
29,48,1
29,57,1
29,27,1
29,50,1
29,8,1
29,58,1
29,59,1
30,44,2
30,28,7
30,21,4
30,23,3
30,22,5
30,47,2
30,1,3
30,16,3
30,29,2
30,40,2
30,41,1
30,27,3
30,43,5
30,9,2
30,31,1
30,18,1
30,42,1
30,15,3
30,37,5
30,10,1
30,57,1
30,45,3
30,14,4
30,39,1
30,12,3
30,13,2
30,36,2
30,19,1
30,58,1
30,2,2
30,20,1
30,5,2
30,38,2
30,24,3
30,32,1
30,17,2
30,7,1
30,3,1
30,6,1
30,11,3
30,4,1
30,46,3
30,8,1
30,48,1
30,26,1
31,20,6
31,9,3
31,15,3
31,16,2
31,2,4
31,6,2
31,21,2
31,8,3
31,5,3
31,19,4
31,48,3
31,1,4
31,29,1
31,27,4
31,46,1
31,40,1
31,12,3
31,4,2
31,28,2
31,37,2
31,13,3
31,45,3
31,18,2
31,47,4
31,57,1
31,24,2
31,10,3
31,58,1
31,41,5
31,22,1
31,25,3
31,36,2
31,39,1
31,26,1
31,30,1
31,31,1
31,11,1
31,42,2
31,14,1
31,3,1
31,44,1
31,7,1
31,38,2
31,59,1
31,60,1
32,6,2
32,47,3
32,16,1
32,11,2
32,20,2
32,15,2
32,24,4
32,1,1
32,41,4
32,26,2
32,49,1
32,22,2
32,36,1
32,13,4
32,9,3
32,57,1
32,40,2
32,4,5
32,42,4
32,14,3
32,38,3
32,17,2
32,10,4
32,5,2
32,37,2
32,31,1
32,32,1
32,29,2
32,33,1
32,3,4
32,21,1
32,25,2
32,39,5
32,7,3
32,18,1
32,28,1
32,34,1
32,43,1
32,58,1
32,2,1
32,27,2
32,44,2
32,8,1
32,19,2
32,46,2
32,35,1
32,23,1
32,59,1
33,57,1
33,7,4
33,5,2
33,22,3
33,16,4
33,42,3
33,38,1
33,18,1
33,43,3
33,48,4
33,25,4
33,26,3
33,41,4
33,46,2
33,44,2
33,37,4
33,24,5
33,29,1
33,45,4
33,21,1
33,17,5
33,14,3
33,4,1
33,12,4
33,28,3
33,20,1
33,47,3
33,58,1
33,1,1
33,36,2
33,30,2
33,59,1
33,9,2
33,60,1
33,10,2
33,6,1
33,61,1
33,15,1
33,11,1
33,19,1
33,3,3
33,40,1
33,39,2
33,2,1
34,21,4
34,27,4
34,8,4
34,38,2
34,1,6
34,7,4
34,14,4
34,47,2
34,29,5
34,46,1
34,10,2
34,2,6
34,16,4
34,42,2
34,43,5
34,25,4
34,36,2
34,31,1
34,4,3
34,44,3
34,41,4
34,45,2
34,5,2
34,23,1
34,32,1
34,20,3
34,40,1
34,17,3
34,28,1
34,30,2
34,48,4
34,19,1
34,15,1
34,22,1
34,37,1
34,6,1
34,3,1
34,49,1
34,24,1
35,21,3
35,12,3
35,27,3
35,16,5
35,20,3
35,6,2
35,31,1
35,7,4
35,3,1
35,36,2
35,57,1
35,47,2
35,13,3
35,39,2
35,24,3
35,48,2
35,4,5
35,9,2
35,45,3
35,14,3
35,8,3
35,11,1
35,43,1
35,29,2
35,25,2
35,58,1
35,28,3
35,22,1
35,26,3
35,5,5
35,46,1
35,2,2
35,23,2
35,32,1
35,41,4
35,42,4
35,44,1
35,37,2
35,40,2
35,30,3
35,17,1
35,59,1
35,33,1
36,31,1
36,32,1
36,48,2
36,28,2
36,46,5
36,20,3
36,23,4
36,7,3
36,16,1
36,57,1
36,37,2
36,24,5
36,38,1
36,27,2
36,25,2
36,8,3
36,41,1
36,5,2
36,40,1
36,42,3
36,13,2
36,12,1
36,45,2
36,58,1
36,26,4
36,59,1
36,3,3
36,18,2
36,30,3
36,21,3
36,2,2
36,33,1
36,14,4
36,17,2
36,47,2
36,9,2
36,4,2
36,1,3
36,11,2
36,22,1
36,36,2
36,39,1
36,15,1
36,19,2
36,43,1
36,6,1
36,34,1
36,10,1
36,44,1
36,29,1
37,19,6
37,30,2
37,13,3
37,47,3
37,2,2
37,24,3
37,16,2
37,45,2
37,15,3
37,29,5
37,1,5
37,17,2
37,21,2
37,6,3
37,9,4
37,20,2
37,38,2
37,43,4
37,27,3
37,18,2
37,31,1
37,28,2
37,25,3
37,41,2
37,8,2
37,4,3
37,44,5
37,42,1
37,5,1
37,22,2
37,14,2
37,11,4
37,48,2
37,7,2
37,26,2
37,23,1
37,40,1
37,10,1
37,57,1
37,32,1
37,46,1
38,43,3
38,24,1
38,2,2
38,16,4
38,27,3
38,26,3
38,23,7
38,48,4
38,6,2
38,39,3
38,14,5
38,37,3
38,18,2
38,13,2
38,8,4
38,40,1
38,4,2
38,57,1
38,7,1
38,41,2
38,25,3
38,30,5
38,31,1
38,58,1
38,22,2
38,44,3
38,9,2
38,15,2
38,42,1
38,17,1
38,5,4
38,3,1
38,38,2
38,36,1
38,1,1
38,11,2
38,10,2
38,28,2
38,32,1
38,20,1
38,45,1
38,47,1
38,59,1
38,46,2
38,33,1
38,60,1
39,27,3
39,1,4
39,13,2
39,8,4
39,46,2
39,12,3
39,3,2
39,18,2
39,25,3
39,2,4
39,6,2
39,15,1
39,24,3
39,17,2
39,7,2
39,23,1
39,20,3
39,31,1
39,37,4
39,40,3
39,43,2
39,28,3
39,41,3
39,22,1
39,10,2
39,29,4
39,32,1
39,39,3
39,11,1
39,5,3
39,45,3
39,14,2
39,38,1
39,48,2
39,21,3
39,16,1
39,9,1
39,19,3
39,49,1
39,57,1
39,47,1
39,44,1
39,42,1
39,30,1
39,26,2
39,36,1
39,33,1
40,43,1
40,10,5
40,44,2
40,39,5
40,17,3
40,9,3
40,21,6
40,8,3
40,46,3
40,57,1
40,16,1
40,27,3
40,49,1
40,22,4
40,24,2
40,30,4
40,1,3
40,23,2
40,20,2
40,11,3
40,37,2
40,58,1
40,42,2
40,15,3
40,41,1
40,25,1
40,6,2
40,47,3
40,40,1
40,59,1
40,36,1
40,31,1
40,2,2
40,4,1
40,19,2
40,48,2
40,26,2
40,7,3
40,5,1
40,32,1
40,28,3
40,33,1
40,3,1
40,60,1
40,38,1
40,14,1
40,13,1
40,34,1
41,27,2
41,20,4
41,49,1
41,29,1
41,7,2
41,48,3
41,26,7
41,18,1
41,19,1
41,9,3
41,25,3
41,39,2
41,38,4
41,12,3
41,21,1
41,8,2
41,44,3
41,17,2
41,45,6
41,15,1
41,46,3
41,31,1
41,2,1
41,47,4
41,3,6
41,50,1
41,37,2
41,36,4
41,23,4
41,5,2
41,1,3
41,24,3
41,11,2
41,43,1
41,22,2
41,16,3
41,28,1
41,30,1
41,42,1
41,6,1
41,40,1
41,57,1
42,27,4
42,20,4
42,4,4
42,5,3
42,41,3
42,12,4
42,30,2
42,37,3
42,22,4
42,8,1
42,29,3
42,15,4
42,24,3
42,44,4
42,1,2
42,40,5
42,2,3
42,26,3
42,13,3
42,7,3
42,43,3
42,23,3
42,42,2
42,31,1
42,38,2
42,47,1
42,6,2
42,28,2
42,17,2
42,14,1
42,36,1
42,3,1
42,16,1
42,18,1
42,39,1
42,9,2
42,48,2
42,10,3
42,32,1
42,33,1
42,11,2
43,38,5
43,47,4
43,15,4
43,14,2
43,9,2
43,44,2
43,21,2
43,23,2
43,45,6
43,2,3
43,26,2
43,29,3
43,48,3
43,43,1
43,3,2
43,8,3
43,20,3
43,57,1
43,41,3
43,10,3
43,49,1
43,11,4
43,40,5
43,16,2
43,42,2
43,28,3
43,46,2
43,27,1
43,58,1
43,22,1
43,12,4
43,17,2
43,18,2
43,4,1
43,13,3
43,37,3
43,5,2
43,59,1
43,39,1
43,30,1
43,24,1
43,60,1
44,22,3
44,42,5
44,28,3
44,41,4
44,45,4
44,7,2
44,19,4
44,17,5
44,26,1
44,15,5
44,24,4
44,4,2
44,8,2
44,37,5
44,11,2
44,39,1
44,49,1
44,46,4
44,10,3
44,14,2
44,1,1
44,25,1
44,9,3
44,48,2
44,31,1
44,12,2
44,21,1
44,3,1
44,18,2
44,32,1
44,36,2
44,40,2
44,33,1
44,23,2
44,5,2
44,20,2
44,34,1
44,2,1
44,38,2
44,43,3
44,57,1
44,6,1
44,35,1
44,29,1
44,27,1
45,36,2
45,38,6
45,45,3
45,6,2
45,4,3
45,14,1
45,5,5
45,57,1
45,42,3
45,28,2
45,31,1
45,13,3
45,15,3
45,26,5
45,3,4
45,29,4
45,23,3
45,18,2
45,24,4
45,27,1
45,12,4
45,58,1
45,43,2
45,39,3
45,25,3
45,9,3
45,2,3
45,30,2
45,47,1
45,41,1
45,19,2
45,37,1
45,11,4
45,8,2
45,16,1
45,44,1
45,59,1
45,10,2
45,40,1
45,7,1
45,60,1
45,1,1
45,32,1
46,49,1
46,15,4
46,48,4
46,44,3
46,42,3
46,2,2
46,25,2
46,19,3
46,24,3
46,30,1
46,22,2
46,20,2
46,8,2
46,21,2
46,38,1
46,29,2
46,16,3
46,47,2
46,27,2
46,12,2
46,11,5
46,23,3
46,39,5
46,41,4
46,14,4
46,10,2
46,1,2
46,31,1
46,9,3
46,40,4
46,37,1
46,18,1
46,43,3
46,46,1
46,13,1
46,57,1
46,4,2
46,7,1
46,5,2
46,32,1
46,36,1
46,28,2
46,26,2
46,33,1
46,6,1
47,36,5
47,39,3
47,47,2
47,25,3
47,46,1
47,45,4
47,42,2
47,27,2
47,9,3
47,1,6
47,6,1
47,8,2
47,7,2
47,30,4
47,57,1
47,13,3
47,43,2
47,58,1
47,19,3
47,48,2
47,10,2
47,40,3
47,17,2
47,29,2
47,12,4
47,11,3
47,22,1
47,14,2
47,18,2
47,28,2
47,4,2
47,3,4
47,38,1
47,16,2
47,15,2
47,26,2
47,24,3
47,44,2
47,37,2
47,20,2
47,5,2
47,59,1
48,47,4
48,36,5
48,1,3
48,21,3
48,31,1
48,25,3
48,40,1
48,29,2
48,28,3
48,41,4
48,32,1
48,6,4
48,44,3
48,16,3
48,2,4
48,17,3
48,57,1
48,22,4
48,38,3
48,10,2
48,4,3
48,15,2
48,30,4
48,12,1
48,48,1
48,27,3
48,9,2
48,42,4
48,3,1
48,19,1
48,37,1
48,46,3
48,23,5
48,7,2
48,5,3
48,24,1
48,39,1
48,33,1
48,26,1
48,14,1
48,45,1
48,20,1
49,46,1
49,25,6
49,18,3
49,29,1
49,47,3
49,22,3
49,5,4
49,16,3
49,13,4
49,43,2
49,20,4
49,40,2
49,6,5
49,1,3
49,26,4
49,27,3
49,14,2
49,8,4
49,11,3
49,38,1
49,45,5
49,41,4
49,10,2
49,24,1
49,7,2
49,15,2
49,31,1
49,49,1
49,50,1
49,32,1
49,21,2
49,3,3
49,17,2
49,12,1
49,48,1
49,19,3
49,30,1
49,23,1
49,39,1
49,44,1
49,4,1
49,37,1
49,51,1
50,47,4
50,38,5
50,9,4
50,41,2
50,29,1
50,43,4
50,14,4
50,28,2
50,2,3
50,13,6
50,27,3
50,15,1
50,6,3
50,44,1
50,7,3
50,4,3
50,23,1
50,1,2
50,31,1
50,24,1
50,5,4
50,40,3
50,10,2
50,37,5
50,3,3
50,19,1
50,21,1
50,39,1
50,25,3
50,16,1
50,36,1
50,57,1
50,8,2
50,12,2
50,32,1
50,20,1
50,17,2
50,33,1
50,42,1
50,11,3
50,46,2
50,30,1
50,48,1
50,18,1
50,34,1
50,35,1
51,13,1
51,10,3
51,39,2
51,49,1
51,19,2
51,2,2
51,45,6
51,14,6
51,23,2
51,1,3
51,30,2
51,17,4
51,38,4
51,22,3
51,9,3
51,36,1
51,4,1
51,40,4
51,15,3
51,37,1
51,24,1
51,21,3
51,5,2
51,31,1
51,48,3
51,7,3
51,44,4
51,29,1
51,3,2
51,18,2
51,27,3
51,11,3
51,28,1
51,26,2
51,32,1
51,42,3
51,57,1
51,25,1
51,41,1
51,58,1
51,12,2
51,6,1
51,47,2
51,59,1
51,43,1
52,15,3
52,47,3
52,27,2
52,14,5
52,38,3
52,5,4
52,39,3
52,25,3
52,46,5
52,13,2
52,6,2
52,8,1
52,41,2
52,28,1
52,44,3
52,43,2
52,57,1
52,36,2
52,22,2
52,1,7
52,37,4
52,19,4
52,4,4
52,3,2
52,7,3
52,2,2
52,12,2
52,42,2
52,16,1
52,26,3
52,20,1
52,23,2
52,40,2
52,21,3
52,30,1
52,29,1
52,45,1
52,24,1
52,31,1
52,11,1
52,48,1
52,17,1
52,9,1
53,25,1
53,23,3
53,8,3
53,48,6
53,42,3
53,21,4
53,3,2
53,9,1
53,24,2
53,5,4
53,40,3
53,22,1
53,57,1
53,36,6
53,19,4
53,6,5
53,1,3
53,16,2
53,26,2
53,30,3
53,20,1
53,27,2
53,47,3
53,14,3
53,29,1
53,11,1
53,10,2
53,2,3
53,41,1
53,39,3
53,37,3
53,7,2
53,17,2
53,4,1
53,15,1
53,58,1
53,18,2
53,12,1
53,31,1
53,59,1
53,46,1
53,28,1
53,60,1
53,32,1
53,61,1
53,45,1
54,15,3
54,45,4
54,14,5
54,7,3
54,12,3
54,31,1
54,10,2
54,26,6
54,9,6
54,43,1
54,8,1
54,21,3
54,4,2
54,36,2
54,24,3
54,17,4
54,38,6
54,29,4
54,27,1
54,2,5
54,46,3
54,39,1
54,40,1
54,19,2
54,16,3
54,3,2
54,5,2
54,37,2
54,6,1
54,25,3
54,42,2
54,11,1
54,20,1
54,30,1
54,23,1
54,22,1
54,1,1
54,44,2
54,28,2
54,41,1
54,48,1
54,18,1
55,43,6
55,28,3
55,18,4
55,26,4
55,38,3
55,44,4
55,25,4
55,22,3
55,14,1
55,15,3
55,7,1
55,2,4
55,45,3
55,6,2
55,9,1
55,12,2
55,20,4
55,1,2
55,46,2
55,8,3
55,29,4
55,39,1
55,27,4
55,11,3
55,13,2
55,41,3
55,21,1
55,4,2
55,5,2
55,47,3
55,57,1
55,3,1
55,36,2
55,58,1
55,16,1
55,48,2
55,10,1
55,30,1
55,31,1
55,59,1
55,24,2
55,23,1
55,42,1
56,57,1
56,48,1
56,36,4
56,22,1
56,23,5
56,38,3
56,30,2
56,6,2
56,29,2
56,14,6
56,1,2
56,19,3
56,12,3
56,3,2
56,2,4
56,11,2
56,27,2
56,26,2
56,7,2
56,15,4
56,8,3
56,37,3
56,47,2
56,24,1
56,49,1
56,10,3
56,58,1
56,25,3
56,9,1
56,20,3
56,45,1
56,40,2
56,21,1
56,28,2
56,41,1
56,13,3
56,17,2
56,18,2
56,43,2
56,50,1
56,4,2
56,5,1
56,46,1
56,39,2
56,31,1
56,59,1
56,44,1
57,28,1
57,15,2
57,45,3
57,16,3
57,2,3
57,49,1
57,20,3
57,3,6
57,25,4
57,22,3
57,19,7
57,57,1
57,21,2
57,23,1
57,37,4
57,5,3
57,7,2
57,40,2
57,8,2
57,44,2
57,24,4
57,26,4
57,10,3
57,41,2
57,29,3
57,1,2
57,47,3
57,39,1
57,17,2
57,38,2
57,4,2
57,18,1
57,27,2
57,12,1
57,43,1
57,6,1
57,42,1
57,36,2
57,30,1
57,9,2
57,11,2
57,13,2
57,58,1
58,17,4
58,43,5
58,37,1
58,15,5
58,42,2
58,28,2
58,48,1
58,39,5
58,29,1
58,8,3
58,9,2
58,22,3
58,4,4
58,27,3
58,21,3
58,3,2
58,46,2
58,25,2
58,47,2
58,24,4
58,5,3
58,19,3
58,30,3
58,41,4
58,49,1
58,7,4
58,44,1
58,40,3
58,36,1
58,38,3
58,26,2
58,57,1
58,23,2
58,12,1
58,10,1
58,58,1
58,50,1
58,59,1
58,13,2
58,6,1
58,20,2
58,51,1
58,2,1
58,11,1
59,12,1
59,17,5
59,10,3
59,4,2
59,9,3
59,2,4
59,8,3
59,40,1
59,39,3
59,41,2
59,18,1
59,5,3
59,16,3
59,27,3
59,42,2
59,47,5
59,15,2
59,49,1
59,3,2
59,45,4
59,36,3
59,6,4
59,28,3
59,7,2
59,38,2
59,46,1
59,48,3
59,37,2
59,57,1
59,30,2
59,13,2
59,43,3
59,29,2
59,22,1
59,20,1
59,25,1
59,50,1
59,58,1
59,23,3
59,14,2
59,44,2
59,19,2
59,11,1
59,26,1
59,59,1
60,28,3
60,36,3
60,42,3
60,19,2
60,4,5
60,41,3
60,3,1
60,20,3
60,17,3
60,49,1
60,12,2
60,57,1
60,24,1
60,1,3
60,44,2
60,25,2
60,27,5
60,46,2
60,18,4
60,7,2
60,37,2
60,22,5
60,50,1
60,26,4
60,30,1
60,14,2
60,58,1
60,59,1
60,40,2
60,10,1
60,45,2
60,8,1
60,5,1
60,48,4
60,6,2
60,60,1
60,23,2
60,38,2
60,13,2
60,61,1
60,62,1
60,2,2
60,31,1
60,15,1
60,9,1
60,43,1
60,16,2
60,47,1
60,21,1
61,22,1
61,45,3
61,48,4
61,38,4
61,12,3
61,1,2
61,7,5
61,43,1
61,44,3
61,5,3
61,37,6
61,4,3
61,57,1
61,25,4
61,36,3
61,30,1
61,2,3
61,13,3
61,29,2
61,39,2
61,47,4
61,40,2
61,6,3
61,41,4
61,19,3
61,10,2
61,16,3
61,26,4
61,8,2
61,24,1
61,14,2
61,11,1
61,9,3
61,58,1
61,21,1
61,28,1
61,27,1
61,46,1
61,18,1
61,3,1
61,31,1
61,59,1
62,18,3
62,42,4
62,14,3
62,41,2
62,30,4
62,17,3
62,44,2
62,27,4
62,19,2
62,28,2
62,10,3
62,49,1
62,37,4
62,20,4
62,2,2
62,16,3
62,48,3
62,36,5
62,3,4
62,23,2
62,45,4
62,46,2
62,9,1
62,43,2
62,13,1
62,57,1
62,4,1
62,11,1
62,12,4
62,15,2
62,5,2
62,7,1
62,24,2
62,40,1
62,8,2
62,58,1
62,1,1
62,21,1
62,25,1
62,22,1
62,59,1
62,39,3
62,50,1
62,26,1
62,29,1
62,6,1
63,39,1
63,42,5
63,25,2
63,26,3
63,30,6
63,10,1
63,49,1
63,4,2
63,11,3
63,48,2
63,18,1
63,41,3
63,6,2
63,8,4
63,27,2
63,9,2
63,29,2
63,45,4
63,47,2
63,15,3
63,43,2
63,7,1
63,50,1
63,21,2
63,28,3
63,31,1
63,19,5
63,44,1
63,16,3
63,36,2
63,14,1
63,12,2
63,46,5
63,13,2
63,40,2
63,20,3
63,2,2
63,17,4
63,5,1
63,32,1
63,24,2
63,51,1
63,33,1
63,38,1
64,18,2
64,23,4
64,7,4
64,57,1
64,10,4
64,4,3
64,5,3
64,8,3
64,26,3
64,29,3
64,27,4
64,41,4
64,46,4
64,39,3
64,11,1
64,9,4
64,1,4
64,24,2
64,31,1
64,20,2
64,19,2
64,3,1
64,2,1
64,48,4
64,28,2
64,58,1
64,30,1
64,44,2
64,38,2
64,14,3
64,37,3
64,16,2
64,59,1
64,40,1
64,12,2
64,15,1
64,43,2
64,6,1
64,32,1
64,22,1
64,17,1
64,47,2
64,33,1
64,21,1
64,42,1
64,36,1
65,14,2
65,57,1
65,11,3
65,5,6
65,30,2
65,41,3
65,31,1
65,24,4
65,48,2
65,6,4
65,25,2
65,10,1
65,39,3
65,9,2
65,46,3
65,17,3
65,36,2
65,45,3
65,43,4
65,18,5
65,42,2
65,1,2
65,2,2
65,26,1
65,4,2
65,38,1
65,21,2
65,37,3
65,40,4
65,15,1
65,3,1
65,27,3
65,32,1
65,33,1
65,22,2
65,29,4
65,58,1
65,59,1
65,16,2
65,47,1
65,20,1
65,19,2
65,8,2
65,12,1
65,28,1
66,2,3
66,43,3
66,4,1
66,6,5
66,21,6
66,18,2
66,39,1
66,17,3
66,8,1
66,47,2
66,10,3
66,48,2
66,36,1
66,16,3
66,14,2
66,41,4
66,12,3
66,31,1
66,15,5
66,29,2
66,46,3
66,27,4
66,9,3
66,38,2
66,42,2
66,13,2
66,5,3
66,22,3
66,37,1
66,1,3
66,30,2
66,20,2
66,19,1
66,32,1
66,44,1
66,11,2
66,40,3
66,25,1
66,26,2
66,24,1
66,3,1
66,45,2
66,33,1
66,49,1
67,26,5
67,27,2
67,25,3
67,5,2
67,19,3
67,11,2
67,43,5
67,1,3
67,2,2
67,42,2
67,24,2
67,8,4
67,40,3
67,9,3
67,47,1
67,10,1
67,20,1
67,7,2
67,3,4
67,6,3
67,36,2
67,17,4
67,12,3
67,23,3
67,4,4
67,41,3
67,28,2
67,22,1
67,31,1
67,57,1
67,15,3
67,14,2
67,45,1
67,32,1
67,18,2
67,39,2
67,44,1
67,58,1
67,21,1
67,37,2
67,46,2
67,59,1
67,29,1
67,13,1
67,38,1
67,16,1
68,27,4
68,31,1
68,23,3
68,12,2
68,22,4
68,28,2
68,38,4
68,11,2
68,19,3
68,1,1
68,40,3
68,32,1
68,6,2
68,49,1
68,36,2
68,9,5
68,46,2
68,15,3
68,5,4
68,3,6
68,24,2
68,14,1
68,2,2
68,29,2
68,26,2
68,43,2
68,20,1
68,37,2
68,10,2
68,42,1
68,39,2
68,16,2
68,17,1
68,48,2
68,45,3
68,44,1
68,18,3
68,13,3
68,57,1
68,7,2
68,8,2
68,58,1
68,4,1
68,59,1
68,21,1
68,30,1
68,47,1
69,15,3
69,7,5
69,1,3
69,16,4
69,5,2
69,24,4
69,27,5
69,44,5
69,42,2
69,29,3
69,10,3
69,11,4
69,9,4
69,47,2
69,6,3
69,57,1
69,31,1
69,26,2
69,8,2
69,25,1
69,2,5
69,22,3
69,58,1
69,18,2
69,43,2
69,45,4
69,17,1
69,41,1
69,59,1
69,13,1
69,37,2
69,60,1
69,12,1
69,4,1
69,30,1
69,3,4
69,20,2
69,21,1
69,40,2
69,19,2
69,36,1
69,61,1
69,46,1
70,37,5
70,6,3
70,14,2
70,20,1
70,2,2
70,49,1
70,8,2
70,39,5
70,41,2
70,10,2
70,27,4
70,38,4
70,22,2
70,44,2
70,21,3
70,1,3
70,18,3
70,43,2
70,24,2
70,46,2
70,29,5
70,31,1
70,25,3
70,32,1
70,11,5
70,4,2
70,3,2
70,33,1
70,12,3
70,15,1
70,40,3
70,23,1
70,9,1
70,47,2
70,19,2
70,5,1
70,16,1
70,48,2
70,30,2
70,42,2
70,50,1
70,45,1
70,13,2
70,7,1
70,26,2
71,43,4
71,25,2
71,7,5
71,13,5
71,42,4
71,41,2
71,5,2
71,45,4
71,2,2
71,3,1
71,4,2
71,36,3
71,8,4
71,40,2
71,12,2
71,44,2
71,6,3
71,17,2
71,31,1
71,15,2
71,37,2
71,38,1
71,27,2
71,48,2
71,9,4
71,22,2
71,16,2
71,32,1
71,10,2
71,1,3
71,39,3
71,29,1
71,24,2
71,18,1
71,30,2
71,23,3
71,11,3
71,21,2
71,33,1
71,26,1
71,14,2
71,46,1
71,28,1
71,34,1
71,47,1
72,28,5
72,48,3
72,14,2
72,2,3
72,25,2
72,6,5
72,16,4
72,39,2
72,37,5
72,42,3
72,15,1
72,43,3
72,13,2
72,11,2
72,29,1
72,30,2
72,31,1
72,47,4
72,5,4
72,45,4
72,24,1
72,57,1
72,27,2
72,7,1
72,12,3
72,23,1
72,41,1
72,19,3
72,58,1
72,38,3
72,36,1
72,1,2
72,20,3
72,4,4
72,8,2
72,22,1
72,26,2
72,40,3
72,21,3
72,17,1
72,46,2
72,18,1
73,8,5
73,7,2
73,11,4
73,1,2
73,9,4
73,2,1
73,5,5
73,16,2
73,40,3
73,26,3
73,43,2
73,38,2
73,44,3
73,19,5
73,27,3
73,29,4
73,42,5
73,21,2
73,28,3
73,23,1
73,18,1
73,45,1
73,15,1
73,10,1
73,17,2
73,20,1
73,22,2
73,47,5
73,39,3
73,31,1
73,25,3
73,14,3
73,4,1
73,3,4
73,30,2
73,36,3
73,12,2
73,57,1
73,24,2
74,29,4
74,4,4
74,18,2
74,10,3
74,17,3
74,7,2
74,19,4
74,6,4
74,41,4
74,23,4
74,27,2
74,22,2
74,28,3
74,40,1
74,47,2
74,44,1
74,49,1
74,5,4
74,25,3
74,14,3
74,46,2
74,1,4
74,3,2
74,21,5
74,11,1
74,26,4
74,12,1
74,2,2
74,38,1
74,45,2
74,20,3
74,42,1
74,43,4
74,39,3
74,15,3
74,48,2
74,16,1
74,36,1
74,24,1
74,31,1
75,7,6
75,22,4
75,24,2
75,11,4
75,39,1
75,31,1
75,12,3
75,23,2
75,27,3
75,17,2
75,32,1
75,21,3
75,10,3
75,42,4
75,47,2
75,8,4
75,46,5
75,45,6
75,40,2
75,33,1
75,1,2
75,41,2
75,14,1
75,19,2
75,29,5
75,44,2
75,4,2
75,18,4
75,16,3
75,2,2
75,36,1
75,5,2
75,57,1
75,38,1
75,30,1
75,9,1
75,3,1
75,58,1
75,43,3
75,15,1
75,49,1
75,6,1
75,37,1
76,27,3
76,7,4
76,18,3
76,29,2
76,20,4
76,5,2
76,23,1
76,16,2
76,38,3
76,40,3
76,15,1
76,11,5
76,25,4
76,39,2
76,37,1
76,46,2
76,6,4
76,12,3
76,19,2
76,21,2
76,43,4
76,30,3
76,48,2
76,14,3
76,41,3
76,44,2
76,3,3
76,8,3
76,10,2
76,47,2
76,31,1
76,45,2
76,42,3
76,2,3
76,26,1
76,4,1
76,9,2
76,36,2
76,1,3
76,28,1
76,24,1
77,18,2
77,39,5
77,36,2
77,29,2
77,17,3
77,13,3
77,4,4
77,22,2
77,30,2
77,5,3
77,9,3
77,40,3
77,37,3
77,6,2
77,31,1
77,44,2
77,7,3
77,27,2
77,57,1
77,24,2
77,45,4
77,2,3
77,3,2
77,23,2
77,41,2
77,47,2
77,20,3
77,26,4
77,21,1
77,15,1
77,46,3
77,12,3
77,19,1
77,1,1
77,11,2
77,38,3
77,16,1
77,58,1
77,25,1
77,32,1
77,8,2
77,33,1
77,10,1
77,34,1
77,42,2
77,59,1
77,35,1
78,11,3
78,2,2
78,19,3
78,9,3
78,21,2
78,12,2
78,10,3
78,20,3
78,46,3
78,47,4
78,40,4
78,5,3
78,41,3
78,44,2
78,26,2
78,29,3
78,57,1
78,22,2
78,39,1
78,23,3
78,3,4
78,18,3
78,38,4
78,15,2
78,25,4
78,4,1
78,17,1
78,6,4
78,31,1
78,7,2
78,28,2
78,1,3
78,36,1
78,27,3
78,58,1
78,14,2
78,30,2
78,24,1
78,42,1
78,13,1
78,37,2
78,16,1
78,59,1
78,45,1
79,23,3
79,41,5
79,6,4
79,48,3
79,36,1
79,12,5
79,9,4
79,31,1
79,1,4
79,7,4
79,4,2
79,44,1
79,57,1
79,47,2
79,10,2
79,24,4
79,27,6
79,46,1
79,32,1
79,42,1
79,14,1
79,19,4
79,16,2
79,5,2
79,43,2
79,15,2
79,29,2
79,39,2
79,45,2
79,8,2
79,25,1
79,2,4
79,30,1
79,13,4
79,11,2
79,40,1
79,21,1
79,22,1
79,26,1
79,17,2
79,33,1
79,58,1
79,28,1
79,59,1
79,37,1
79,20,1
80,19,4
80,4,1
80,43,6
80,57,1
80,6,5
80,17,4
80,11,2
80,39,2
80,47,1
80,15,4
80,16,4
80,8,1
80,44,3
80,3,2
80,31,1
80,1,3
80,2,1
80,30,2
80,25,2
80,28,3
80,10,2
80,22,4
80,24,4
80,26,3
80,9,3
80,46,2
80,45,5
80,29,1
80,41,5
80,14,2
80,21,1
80,42,1
80,13,2
80,12,1
80,36,2
80,18,1
80,37,2
80,32,1
80,33,1
80,5,1
80,20,2
80,38,2
81,4,4
81,43,1
81,57,1
81,24,4
81,9,3
81,2,2
81,38,5
81,58,1
81,39,3
81,21,3
81,28,1
81,40,3
81,44,1
81,22,2
81,20,3
81,36,4
81,8,4
81,3,4
81,26,3
81,14,3
81,23,4
81,12,2
81,47,2
81,29,1
81,30,5
81,13,2
81,17,3
81,25,2
81,31,1
81,6,2
81,16,3
81,1,2
81,37,1
81,45,1
81,5,1
81,42,1
81,46,2
81,27,1
81,15,3
81,41,3
81,10,2
81,11,1
82,17,6
82,30,3
82,19,2
82,22,3
82,12,4
82,49,1
82,13,6
82,36,1
82,27,1
82,50,1
82,40,3
82,39,2
82,44,2
82,46,2
82,9,3
82,8,6
82,43,1
82,11,3
82,51,1
82,5,3
82,45,2
82,3,2
82,37,2
82,26,3
82,21,2
82,14,2
82,42,2
82,47,2
82,18,1
82,10,3
82,1,2
82,31,1
82,38,2
82,7,2
82,23,3
82,25,1
82,29,2
82,41,2
82,15,3
82,24,2
82,52,1
82,16,1
82,32,1
82,6,1
82,48,1
83,25,2
83,15,3
83,8,3
83,27,4
83,16,2
83,30,3
83,14,4
83,39,3
83,2,2
83,26,2
83,3,4
83,49,1
83,36,4
83,29,3
83,7,3
83,45,2
83,21,3
83,43,3
83,46,3
83,47,5
83,4,3
83,13,2
83,12,5
83,11,3
83,31,1
83,22,2
83,28,4
83,32,1
83,57,1
83,18,2
83,10,1
83,5,2
83,33,1
83,1,1
83,48,1
83,41,1
83,19,2
83,38,1
83,44,1
83,6,1
83,23,1
83,40,2
83,24,1
83,58,1
84,16,3
84,25,5
84,15,3
84,38,6
84,36,4
84,28,5
84,11,2
84,43,2
84,22,4
84,3,4
84,20,2
84,39,5
84,37,2
84,19,1
84,30,5
84,4,3
84,9,2
84,31,1
84,48,2
84,14,3
84,27,4
84,57,1
84,17,3
84,21,2
84,8,2
84,24,3
84,2,1
84,44,1
84,46,1
84,5,1
84,1,1
84,18,1
84,26,4
84,42,1
84,29,1
84,23,2
84,41,1
84,6,1
84,10,2
84,13,1
84,12,1
84,45,1
85,41,4
85,10,4
85,24,5
85,14,3
85,1,2
85,18,4
85,25,2
85,37,5
85,29,2
85,4,2
85,45,4
85,47,2
85,13,1
85,2,3
85,39,2
85,44,2
85,26,6
85,30,4
85,57,1
85,36,3
85,48,2
85,8,2
85,40,3
85,15,3
85,17,4
85,22,3
85,11,1
85,5,2
85,58,1
85,12,1
85,20,2
85,19,1
85,28,1
85,38,3
85,46,3
85,7,1
85,31,1
85,42,1
85,32,1
85,16,1
85,33,1
85,43,1
86,21,3
86,6,3
86,42,2
86,11,2
86,46,3
86,24,5
86,44,2
86,13,1
86,2,3
86,12,2
86,40,3
86,7,3
86,5,2
86,29,4
86,17,2
86,26,1
86,23,8
86,9,2
86,43,4
86,4,2
86,41,1
86,19,2
86,47,1
86,28,4
86,20,4
86,1,2
86,45,1
86,14,1
86,57,1
86,48,3
86,30,2
86,37,2
86,22,2
86,3,3
86,25,2
86,49,1
86,15,4
86,18,1
86,8,2
86,50,1
86,36,2
86,38,1
87,13,3
87,8,4
87,38,2
87,23,4
87,5,1
87,45,1
87,41,7
87,1,2
87,27,3
87,6,2
87,7,4
87,57,1
87,4,2
87,10,2
87,39,1
87,42,4
87,47,2
87,36,4
87,15,1
87,12,2
87,29,1
87,3,2
87,26,3
87,18,5
87,43,4
87,31,1
87,58,1
87,46,3
87,30,2
87,32,1
87,25,1
87,40,3
87,9,1
87,48,3
87,17,1
87,37,1
87,11,3
87,59,1
87,60,1
87,21,2
87,2,1
87,61,1
87,19,1
87,28,3
87,33,1
87,34,1
88,3,2
88,15,4
88,42,4
88,20,3
88,12,3
88,26,2
88,44,3
88,2,2
88,46,3
88,4,4
88,13,2
88,37,2
88,22,3
88,31,1
88,11,3
88,25,2
88,9,2
88,40,3
88,21,4
88,57,1
88,17,1
88,43,3
88,27,2
88,29,3
88,7,2
88,30,2
88,5,3
88,6,2
88,48,2
88,1,2
88,58,1
88,19,2
88,47,3
88,41,1
88,14,2
88,28,2
88,59,1
88,10,2
88,18,2
88,32,1
88,60,1
88,38,1
88,23,1
88,33,1
88,8,1
88,34,1
88,45,1
88,36,1
89,47,3
89,43,4
89,48,3
89,14,4
89,5,5
89,11,2
89,10,3
89,39,5
89,22,3
89,13,5
89,26,2
89,18,2
89,45,1
89,3,2
89,21,2
89,31,1
89,27,2
89,6,4
89,44,2
89,28,1
89,23,1
89,17,2
89,12,3
89,4,1
89,7,5
89,36,3
89,15,4
89,32,1
89,24,2
89,30,2
89,19,2
89,29,3
89,1,2
89,40,1
89,9,1
89,57,1
89,16,2
89,38,1
89,2,1
89,25,1
89,41,1
89,20,2
89,42,1
89,46,1
90,57,1
90,30,2
90,27,1
90,24,4
90,4,2
90,47,3
90,2,2
90,49,1
90,28,6
90,23,2
90,58,1
90,45,2
90,25,1
90,8,3
90,17,2
90,5,3
90,46,1
90,22,2
90,43,5
90,59,1
90,31,1
90,60,1
90,15,2
90,9,4
90,13,1
90,36,2
90,48,3
90,37,4
90,41,3
90,18,3
90,42,2
90,1,7
90,19,4
90,21,2
90,61,1
90,32,1
90,7,2
90,44,1
90,14,2
90,39,3
90,62,1
90,16,3
90,29,1
90,3,1
91,41,4
91,22,2
91,25,2
91,10,5
91,3,2
91,38,1
91,28,2
91,44,2
91,49,1
91,2,4
91,47,5
91,31,1
91,32,1
91,13,2
91,40,4
91,9,4
91,26,1
91,12,5
91,1,1
91,6,2
91,39,1
91,5,4
91,11,2
91,27,1
91,42,3
91,48,1
91,18,3
91,30,3
91,21,2
91,29,3
91,17,2
91,8,3
91,23,1
91,19,2
91,4,2
91,45,2
91,33,1
91,16,1
91,36,3
91,46,1
91,50,1
91,24,2
91,43,3
91,7,1
91,14,1
92,22,3
92,57,1
92,40,4
92,10,2
92,2,3
92,26,3
92,14,3
92,39,4
92,28,3
92,47,2
92,42,3
92,48,2
92,17,3
92,23,2
92,5,2
92,12,5
92,6,1
92,46,4
92,11,6
92,4,2
92,29,1
92,18,5
92,7,2
92,58,1
92,24,1
92,45,3
92,59,1
92,9,4
92,8,1
92,16,3
92,15,1
92,27,3
92,21,1
92,1,3
92,13,1
92,43,1
92,44,2
92,38,2
92,31,1
92,20,1
92,37,2
92,60,1
92,30,1
93,44,6
93,36,1
93,19,4
93,5,2
93,39,3
93,45,6
93,16,2
93,24,2
93,43,2
93,20,1
93,31,1
93,21,4
93,42,1
93,38,5
93,18,3
93,47,2
93,9,2
93,46,2
93,41,2
93,29,6
93,40,1
93,49,1
93,11,3
93,10,4
93,30,2
93,32,1
93,6,4
93,3,2
93,2,2
93,33,1
93,34,1
93,7,2
93,17,1
93,22,3
93,4,2
93,14,2
93,15,2
93,57,1
93,26,1
93,58,1
93,8,1
93,13,1
93,1,1
93,23,1
93,59,1
93,28,1
94,18,5
94,47,4
94,6,5
94,37,2
94,7,3
94,17,4
94,2,3
94,11,3
94,40,5
94,43,3
94,46,1
94,44,3
94,21,2
94,41,2
94,24,4
94,36,3
94,28,3
94,1,2
94,23,2
94,10,4
94,8,4
94,13,3
94,30,3
94,29,3
94,27,2
94,9,1
94,20,1
94,57,1
94,39,4
94,31,1
94,19,1
94,16,1
94,5,2
94,14,1
94,58,1
94,26,1
94,15,3
94,42,1
94,38,2
94,22,1
95,39,2
95,57,1
95,5,2
95,24,1
95,26,2
95,44,5
95,29,3
95,23,2
95,40,1
95,42,4
95,38,1
95,46,3
95,25,3
95,7,3
95,8,4
95,31,1
95,20,3
95,3,4
95,41,3
95,16,4
95,21,2
95,17,3
95,27,2
95,32,1
95,10,1
95,30,3
95,36,2
95,45,2
95,33,1
95,47,4
95,43,2
95,37,3
95,12,4
95,14,1
95,15,2
95,1,2
95,11,1
95,4,1
95,22,2
95,34,1
95,35,1
95,19,1
95,6,2
95,13,2
95,18,1
95,48,1
96,13,3
96,31,1
96,49,1
96,5,4
96,47,3
96,19,3
96,24,3
96,43,2
96,22,4
96,28,1
96,37,2
96,7,2
96,39,3
96,26,2
96,4,2
96,17,3
96,10,4
96,41,2
96,14,4
96,38,2
96,8,3
96,18,4
96,27,4
96,16,3
96,15,1
96,29,3
96,25,3
96,32,1
96,12,1
96,3,4
96,6,1
96,45,1
96,9,3
96,57,1
96,46,2
96,48,1
96,23,2
96,42,1
96,1,2
96,2,2
96,33,1
96,11,1
96,40,1
96,34,1
96,30,1
96,58,1
97,7,3
97,30,2
97,14,2
97,23,5
97,18,2
97,12,2
97,39,3
97,16,3
97,17,4
97,19,3
97,4,2
97,49,1
97,41,5
97,15,5
97,27,4
97,28,4
97,40,3
97,24,2
97,36,2
97,26,4
97,1,3
97,46,3
97,5,3
97,9,1
97,29,1
97,2,1
97,37,1
97,44,2
97,45,1
97,22,3
97,25,2
97,31,1
97,43,1
97,8,1
97,38,2
97,42,2
97,47,2
97,32,1
97,10,2
97,48,1
97,57,1
97,13,1
97,33,1
97,11,2
98,38,2
98,15,1
98,7,2
98,40,3
98,9,3
98,39,3
98,25,3
98,46,3
98,45,1
98,19,2
98,31,1
98,11,5
98,14,3
98,57,1
98,17,4
98,3,3
98,5,2
98,36,2
98,22,3
98,16,2
98,21,4
98,20,4
98,37,3
98,30,1
98,6,2
98,27,3
98,10,3
98,13,2
98,42,2
98,58,1
98,48,2
98,2,2
98,43,3
98,59,1
98,26,2
98,47,2
98,60,1
98,18,1
98,8,1
98,44,2
98,23,2
98,41,1
98,28,1
98,61,1
98,1,2
98,4,1
98,62,1
99,13,5
99,14,2
99,23,2
99,25,3
99,29,2
99,44,3
99,18,3
99,30,2
99,41,3
99,36,2
99,24,6
99,42,5
99,46,2
99,28,2
99,38,2
99,16,1
99,10,4
99,49,1
99,43,4
99,27,2
99,12,4
99,50,1
99,48,1
99,4,3
99,47,3
99,5,2
99,8,2
99,11,4
99,40,2
99,45,2
99,22,3
99,1,3
99,37,2
99,39,1
99,2,2
99,9,2
99,7,1
99,17,2
99,3,1
99,15,1
99,19,1
99,20,1
