run,card_id,card_frequency
0,26,4
0,10,3
0,20,3
0,41,4
0,14,4
0,44,5
0,42,2
0,22,4
0,39,1
0,45,3
0,23,3
0,7,2
0,12,4
0,36,2
0,24,1
0,6,2
0,2,4
0,43,2
0,28,1
0,5,3
0,3,3
0,11,3
0,21,2
0,1,4
0,27,1
0,25,3
0,38,1
0,30,1
0,18,2
0,4,2
0,17,2
0,40,2
0,16,4
0,13,1
0,19,1
0,29,2
0,48,1
0,46,1
0,9,2
0,8,2
0,37,1
0,47,1
0,15,1
1,38,4
1,1,2
1,20,4
1,42,3
1,11,2
1,2,4
1,15,2
1,13,4
1,14,3
1,28,3
1,22,3
1,39,3
1,12,4
1,9,4
1,4,4
1,3,3
1,41,4
1,8,4
1,5,5
1,37,2
1,44,1
1,18,2
1,45,1
1,25,3
1,23,2
1,17,1
1,10,4
1,40,2
1,36,1
1,24,3
1,26,3
1,46,1
1,16,2
1,6,1
1,30,1
1,19,1
1,7,1
1,43,1
1,47,1
1,48,1
2,13,3
2,18,2
2,2,3
2,15,5
2,19,1
2,4,4
2,8,2
2,27,2
2,3,3
2,17,3
2,24,2
2,5,5
2,45,1
2,39,3
2,26,3
2,44,1
2,48,3
2,10,4
2,16,3
2,36,2
2,11,2
2,38,4
2,42,2
2,41,2
2,40,1
2,9,3
2,1,3
2,21,2
2,7,3
2,28,1
2,25,2
2,46,1
2,6,2
2,23,3
2,22,3
2,43,3
2,14,2
2,37,1
2,12,2
2,29,1
2,47,1
2,20,1
3,25,6
3,14,4
3,3,4
3,37,3
3,21,1
3,13,4
3,16,5
3,18,1
3,6,2
3,9,3
3,30,3
3,5,3
3,41,4
3,4,4
3,10,5
3,39,2
3,29,2
3,22,1
3,26,5
3,1,1
3,8,2
3,2,2
3,20,3
3,12,4
3,7,2
3,15,4
3,44,2
3,19,1
3,36,3
3,24,2
3,23,2
3,45,1
3,42,1
3,46,2
3,17,1
3,28,2
3,43,1
3,27,1
3,11,1
4,15,4
4,10,2
4,13,3
4,3,5
4,43,2
4,14,4
4,23,3
4,21,2
4,41,2
4,22,2
4,7,2
4,40,2
4,16,5
4,9,3
4,20,4
4,5,4
4,2,3
4,8,1
4,11,5
4,38,3
4,44,1
4,6,2
4,45,3
4,26,3
4,42,1
4,39,2
4,25,4
4,47,3
4,18,1
4,1,2
4,36,3
4,29,1
4,37,3
4,4,1
4,17,1
4,48,1
4,12,2
4,30,1
4,28,1
4,46,2
4,19,1
5,29,1
5,4,4
5,12,3
5,46,3
5,6,2
5,8,4
5,37,2
5,13,4
5,5,4
5,22,3
5,48,3
5,11,4
5,7,2
5,36,3
5,10,3
5,1,4
5,26,1
5,3,3
5,15,4
5,16,3
5,23,3
5,24,3
5,28,2
5,41,6
5,14,2
5,2,3
5,20,4
5,43,2
5,9,2
5,25,2
5,27,2
5,39,2
5,44,2
5,38,2
5,17,1
5,19,1
5,45,1
6,16,6
6,10,5
6,23,2
6,2,4
6,47,3
6,42,3
6,22,5
6,38,2
6,13,4
6,27,3
6,1,3
6,40,3
6,25,5
6,14,3
6,12,4
6,4,1
6,15,2
6,3,1
6,21,2
6,5,3
6,24,4
6,20,2
6,17,1
6,11,2
6,41,3
6,29,1
6,39,3
6,26,1
6,8,2
6,45,1
6,28,2
6,30,2
6,36,2
6,44,1
6,18,2
6,9,1
6,7,2
6,43,2
6,37,1
6,6,1
7,14,4
7,26,3
7,12,5
7,41,5
7,3,3
7,24,1
7,43,3
7,20,3
7,40,3
7,9,1
7,2,2
7,11,4
7,42,2
7,22,3
7,16,4
7,15,4
7,45,4
7,1,4
7,39,4
7,37,2
7,36,2
7,23,1
7,18,1
7,28,3
7,8,3
7,21,3
7,13,2
7,4,4
7,25,3
7,10,1
7,5,3
7,46,2
7,27,2
7,38,1
7,44,1
7,7,1
7,6,1
7,17,1
7,48,1
8,26,3
8,5,3
8,46,3
8,3,3
8,20,4
8,47,4
8,43,2
8,22,3
8,10,5
8,23,5
8,11,1
8,15,4
8,48,2
8,37,3
8,44,2
8,21,4
8,2,2
8,14,2
8,12,2
8,9,4
8,16,4
8,18,1
8,27,4
8,1,4
8,41,3
8,19,1
8,25,4
8,40,2
8,7,1
8,8,1
8,13,3
8,6,2
8,28,3
8,42,1
8,30,1
8,4,2
8,39,1
8,36,1
9,21,1
9,10,4
9,23,2
9,29,4
9,14,3
9,4,4
9,40,2
9,12,3
9,45,3
9,30,3
9,15,4
9,19,1
9,38,3
9,11,3
9,13,4
9,1,4
9,43,1
9,22,4
9,2,2
9,25,4
9,5,3
9,3,3
9,39,2
9,7,1
9,27,3
9,9,3
9,36,2
9,41,4
9,26,1
9,16,2
9,20,3
9,24,2
9,28,1
9,42,1
9,8,3
9,17,3
9,44,1
9,37,2
9,6,1
10,25,2
10,10,4
10,42,3
10,30,1
10,11,2
10,20,3
10,22,4
10,6,3
10,26,4
10,29,2
10,44,2
10,12,3
10,41,5
10,19,2
10,4,4
10,48,1
10,3,4
10,5,5
10,1,4
10,16,4
10,38,3
10,2,4
10,23,3
10,27,2
10,43,2
10,14,1
10,46,3
10,15,2
10,17,1
10,13,1
10,21,1
10,9,2
10,40,2
10,8,2
10,36,2
10,45,2
10,37,1
10,7,2
10,28,1
10,24,1
11,37,2
11,27,4
11,41,5
11,2,2
11,17,3
11,23,2
11,5,4
11,44,3
11,43,2
11,16,2
11,46,2
11,18,2
11,40,3
11,19,2
11,39,3
11,20,3
11,13,3
11,8,3
11,1,3
11,12,5
11,15,3
11,6,2
11,10,4
11,38,2
11,21,2
11,3,3
11,42,2
11,45,2
11,24,3
11,4,1
11,7,2
11,14,3
11,26,1
11,29,2
11,36,2
11,11,2
11,28,1
11,22,1
11,9,2
11,25,1
11,47,1
12,13,3
12,12,6
12,40,2
12,26,3
12,7,3
12,16,6
12,29,5
12,14,4
12,27,1
12,9,3
12,17,3
12,1,4
12,43,2
12,23,4
12,41,3
12,20,3
12,3,1
12,22,2
12,25,1
12,42,2
12,38,3
12,10,3
12,18,2
12,44,2
12,2,3
12,5,1
12,30,3
12,15,2
12,45,2
12,46,2
12,19,1
12,48,3
12,6,2
12,8,2
12,4,1
12,24,2
12,36,1
12,47,2
12,11,1
12,39,1
13,21,2
13,27,2
13,23,5
13,25,2
13,13,4
13,1,3
13,15,3
13,14,5
13,9,2
13,16,4
13,17,2
13,47,2
13,6,3
13,26,3
13,12,4
13,28,3
13,2,4
13,5,3
13,30,1
13,3,2
13,18,2
13,46,3
13,39,2
13,37,2
13,7,3
13,10,3
13,40,2
13,8,2
13,41,4
13,22,2
13,19,1
13,4,2
13,20,2
13,24,1
13,36,2
13,42,2
13,45,2
13,29,1
13,48,1
13,11,1
13,43,1
14,45,4
14,23,3
14,37,2
14,21,3
14,10,4
14,20,2
14,24,1
14,2,4
14,30,2
14,8,3
14,41,4
14,4,4
14,7,2
14,12,3
14,22,3
14,6,5
14,26,2
14,13,4
14,3,2
14,43,3
14,11,2
14,14,4
14,48,1
14,46,2
14,1,3
14,16,4
14,17,2
14,39,4
14,18,1
14,9,2
14,42,1
14,28,1
14,5,4
14,40,2
14,15,1
14,25,2
14,44,1
14,29,1
14,27,1
14,36,1
15,44,1
15,43,2
15,2,4
15,42,2
15,9,4
15,38,3
15,19,2
15,7,1
15,11,3
15,30,3
15,29,2
15,3,5
15,25,3
15,12,5
15,5,3
15,48,2
15,23,2
15,45,3
15,26,3
15,20,3
15,37,1
15,22,3
15,36,2
15,41,5
15,16,4
15,27,2
15,6,2
15,1,2
15,4,2
15,14,2
15,21,2
15,10,4
15,15,2
15,40,2
15,46,1
15,39,1
15,8,2
15,17,1
15,24,1
15,47,1
15,18,1
15,28,1
16,2,5
16,3,3
16,16,3
16,25,6
16,10,2
16,26,5
16,20,5
16,28,3
16,9,2
16,24,2
16,43,3
16,45,4
16,4,3
16,23,5
16,1,5
16,22,3
16,8,3
16,27,1
16,14,3
16,38,1
16,15,3
16,11,3
16,7,1
16,30,1
16,41,3
16,12,2
16,13,2
16,29,2
16,5,2
16,40,1
16,44,2
16,46,2
16,6,2
16,39,2
16,48,1
16,37,1
16,18,1
16,21,1
16,17,1
17,7,4
17,46,3
17,4,3
17,37,2
17,45,4
17,47,2
17,29,2
17,5,2
17,41,5
17,43,3
17,36,3
17,1,4
17,21,2
17,8,3
17,18,3
17,23,3
17,16,4
17,26,2
17,9,2
17,38,3
17,42,2
17,19,1
17,20,2
17,3,3
17,11,3
17,25,3
17,27,1
17,40,3
17,10,5
17,44,2
17,6,2
17,15,2
17,28,1
17,24,1
17,14,1
17,13,2
17,22,2
17,30,1
17,2,1
17,12,2
17,48,1
18,39,4
18,37,3
18,28,1
18,6,2
18,26,4
18,30,1
18,8,3
18,38,2
18,43,2
18,24,4
18,9,3
18,41,4
18,40,2
18,4,3
18,15,3
18,2,4
18,42,1
18,20,3
18,3,4
18,44,2
18,7,1
18,14,4
18,45,3
18,5,3
18,12,3
18,16,4
18,11,2
18,10,3
18,25,3
18,1,2
18,13,3
18,18,1
18,47,1
18,22,3
18,23,2
18,29,2
18,21,1
18,46,1
18,17,1
18,36,1
18,27,1
19,13,2
19,1,4
19,5,4
19,2,3
19,9,3
19,4,2
19,24,2
19,15,4
19,16,7
19,10,2
19,39,3
19,23,3
19,12,4
19,30,2
19,3,2
19,7,2
19,44,3
19,11,3
19,46,2
19,22,3
19,36,3
19,21,3
19,27,2
19,48,2
19,28,2
19,42,2
19,40,2
19,26,4
19,6,2
19,29,2
19,38,3
19,18,1
19,14,2
19,17,1
19,25,1
19,43,2
19,20,1
19,41,3
19,45,1
19,8,1
20,4,3
20,6,1
20,37,1
20,2,2
20,28,3
20,12,3
20,14,4
20,36,2
20,15,3
20,38,3
20,3,4
20,21,4
20,11,4
20,9,4
20,26,3
20,23,3
20,30,2
20,46,3
20,45,2
20,13,3
20,43,2
20,20,4
20,7,2
20,22,2
20,18,1
20,25,4
20,39,2
20,1,4
20,10,3
20,19,2
20,16,3
20,24,2
20,42,3
20,8,3
20,5,1
20,27,1
20,29,1
20,44,2
20,41,1
21,37,1
21,5,4
21,1,4
21,13,2
21,4,5
21,9,4
21,25,4
21,38,4
21,21,3
21,36,4
21,20,4
21,15,4
21,28,2
21,22,3
21,24,2
21,3,3
21,42,2
21,11,2
21,43,2
21,10,3
21,23,2
21,2,2
21,46,2
21,16,3
21,12,5
21,26,2
21,45,2
21,14,2
21,41,2
21,19,1
21,39,2
21,44,3
21,29,1
21,47,1
21,40,1
21,27,1
21,48,2
21,7,1
21,6,2
21,17,1
22,22,5
22,19,2
22,20,4
22,17,3
22,39,3
22,11,2
22,44,3
22,12,3
22,14,4
22,15,4
22,42,3
22,45,3
22,41,4
22,2,2
22,48,1
22,25,4
22,3,3
22,1,2
22,40,2
22,5,3
22,16,4
22,18,2
22,46,2
22,4,3
22,26,3
22,37,2
22,47,1
22,21,2
22,27,2
22,23,2
22,9,1
22,43,2
22,28,3
22,36,2
22,6,2
22,24,1
22,13,2
22,38,2
22,29,1
22,7,1
23,2,5
23,36,2
23,20,5
23,11,5
23,10,2
23,23,3
23,22,3
23,9,2
23,39,2
23,46,1
23,45,1
23,29,3
23,6,2
23,42,1
23,1,5
23,48,2
23,37,2
23,3,5
23,15,5
23,8,2
23,17,2
23,14,3
23,12,2
23,13,3
23,43,2
23,30,1
23,21,3
23,41,3
23,40,2
23,7,2
23,25,4
23,5,3
23,24,2
23,18,1
23,26,2
23,4,3
23,27,1
23,16,1
23,28,1
23,44,1
24,18,1
24,21,5
24,29,2
24,38,2
24,4,5
24,8,3
24,9,2
24,5,4
24,24,3
24,12,4
24,30,1
24,20,4
24,27,2
24,26,1
24,14,4
24,10,3
24,2,4
24,44,3
24,37,4
24,41,3
24,23,3
24,16,3
24,45,2
24,1,2
24,46,3
24,28,2
24,3,4
24,48,2
24,40,1
24,15,2
24,19,1
24,25,3
24,13,2
24,6,2
24,36,2
24,22,2
24,42,1
24,7,1
24,11,1
24,47,1
25,1,4
25,41,6
25,40,1
25,6,2
25,16,6
25,44,3
25,9,4
25,13,3
25,15,4
25,23,5
25,10,5
25,12,3
25,22,4
25,5,2
25,28,1
25,39,1
25,24,1
25,20,4
25,3,4
25,42,3
25,2,2
25,37,4
25,25,1
25,14,3
25,17,2
25,21,1
25,4,3
25,45,3
25,7,2
25,19,2
25,26,2
25,38,2
25,18,1
25,36,2
25,48,1
25,8,2
25,27,1
26,22,4
26,10,6
26,1,4
26,20,5
26,46,3
26,40,3
26,41,4
26,23,4
26,15,4
26,25,2
26,27,4
26,21,2
26,38,1
26,43,1
26,28,3
26,13,4
26,9,4
26,47,1
26,36,2
26,17,2
26,3,3
26,11,2
26,4,2
26,39,2
26,18,1
26,2,4
26,16,2
26,14,4
26,37,2
26,12,3
26,30,2
26,44,2
26,26,2
26,8,1
26,29,1
26,45,1
26,5,1
26,42,1
26,7,1
27,42,4
27,2,4
27,28,3
27,12,2
27,22,4
27,20,3
27,17,2
27,13,2
27,15,4
27,5,3
27,38,5
27,48,2
27,3,4
27,45,2
27,36,1
27,29,3
27,16,3
27,25,3
27,24,2
27,43,2
27,7,4
27,4,3
27,40,2
27,23,2
27,41,5
27,21,2
27,1,2
27,26,4
27,39,2
27,27,1
27,14,1
27,6,2
27,9,2
27,30,2
27,18,1
27,11,1
27,8,2
27,10,2
27,37,1
27,44,1
28,10,5
28,15,5
28,7,2
28,16,4
28,13,1
28,43,3
28,11,3
28,8,2
28,3,2
28,45,3
28,37,1
28,21,3
28,22,5
28,26,4
28,6,3
28,23,4
28,30,1
28,44,2
28,9,1
28,4,4
28,20,3
28,42,3
28,39,2
28,28,3
28,24,3
28,29,1
28,41,3
28,14,3
28,27,2
28,19,2
28,12,3
28,47,1
28,5,3
28,18,1
28,40,2
28,17,1
28,38,1
28,1,1
28,2,1
28,25,2
28,36,1
29,36,4
29,13,3
29,9,3
29,14,4
29,42,3
29,22,2
29,43,1
29,48,4
29,20,3
29,6,3
29,11,3
29,24,2
29,46,3
29,37,1
29,27,3
29,7,2
29,30,1
29,3,2
29,4,4
29,12,4
29,23,3
29,16,4
29,26,4
29,40,2
29,25,2
29,10,2
29,18,1
29,8,3
29,2,3
29,15,3
29,1,3
29,5,4
29,19,2
29,45,1
29,29,2
29,21,1
29,44,2
29,39,1
29,41,1
29,17,1
30,45,4
30,21,3
30,18,2
30,1,3
30,29,2
30,39,4
30,2,3
30,41,4
30,30,1
30,48,3
30,11,4
30,46,2
30,37,1
30,28,4
30,22,3
30,27,2
30,8,1
30,4,4
30,42,3
30,24,2
30,7,3
30,23,2
30,47,2
30,25,2
30,17,2
30,26,2
30,15,4
30,43,2
30,9,1
30,13,2
30,12,4
30,3,2
30,6,2
30,5,3
30,16,2
30,10,3
30,44,2
30,20,1
30,38,1
30,14,1
30,36,1
30,40,1
31,44,2
31,19,1
31,15,3
31,3,3
31,36,3
31,14,4
31,22,4
31,2,5
31,9,4
31,18,1
31,20,3
31,42,3
31,16,5
31,26,3
31,1,3
31,37,3
31,29,2
31,45,3
31,39,1
31,6,1
31,23,4
31,41,4
31,21,2
31,5,1
31,27,2
31,43,2
31,4,3
31,38,2
31,46,3
31,17,1
31,12,2
31,8,2
31,10,3
31,48,2
31,7,3
31,11,3
31,13,2
31,40,1
31,25,1
32,9,3
32,25,3
32,14,3
32,28,2
32,37,1
32,43,1
32,12,5
32,38,3
32,1,3
32,41,3
32,15,3
32,21,3
32,22,2
32,19,2
32,5,4
32,3,4
32,24,1
32,11,3
32,2,3
32,13,3
32,4,4
32,46,2
32,20,2
32,39,2
32,16,3
32,36,1
32,26,4
32,40,2
32,10,4
32,47,2
32,44,4
32,45,2
32,8,1
32,17,1
32,27,2
32,18,1
32,30,2
32,6,2
32,42,1
32,7,1
32,23,1
32,29,1
33,6,2
33,13,2
33,22,3
33,41,4
33,11,7
33,7,3
33,42,2
33,2,4
33,12,2
33,24,4
33,20,4
33,15,3
33,37,1
33,45,2
33,5,4
33,14,4
33,23,3
33,38,2
33,16,4
33,48,2
33,17,1
33,4,5
33,36,1
33,21,3
33,39,1
33,18,1
33,25,2
33,44,1
33,26,3
33,46,3
33,27,2
33,9,2
33,1,3
33,3,2
33,10,3
33,43,2
33,28,2
33,8,1
34,3,2
34,14,3
34,10,5
34,20,3
34,37,1
34,12,5
34,11,6
34,4,4
34,13,3
34,2,4
34,24,4
34,9,4
34,1,4
34,16,5
34,36,1
34,41,2
34,5,3
34,38,2
34,44,1
34,23,4
34,30,1
34,21,3
34,25,3
34,6,1
34,45,2
34,15,4
34,26,2
34,28,3
34,18,1
34,22,2
34,48,2
34,39,1
34,27,3
34,19,1
34,43,1
34,29,1
34,40,1
34,17,1
34,7,1
35,16,5
35,8,2
35,15,2
35,4,4
35,19,2
35,14,5
35,36,2
35,24,3
35,30,1
35,48,2
35,18,2
35,43,1
35,12,3
35,41,5
35,44,1
35,46,2
35,13,4
35,42,1
35,10,2
35,25,3
35,22,3
35,21,3
35,3,4
35,5,4
35,2,2
35,27,2
35,7,2
35,40,3
35,23,5
35,9,3
35,20,1
35,38,2
35,37,1
35,11,1
35,28,2
35,29,1
35,39,2
35,1,2
35,47,2
35,26,2
35,45,1
36,43,3
36,23,3
36,12,2
36,14,2
36,9,4
36,41,4
36,29,2
36,1,4
36,16,5
36,7,4
36,28,3
36,25,3
36,22,2
36,44,4
36,10,2
36,8,3
36,42,3
36,11,5
36,18,1
36,40,2
36,46,1
36,45,2
36,24,1
36,38,3
36,36,1
36,15,3
36,6,3
36,4,2
36,26,1
36,2,3
36,27,3
36,20,3
36,5,3
36,47,2
36,17,2
36,3,1
36,30,1
36,39,1
36,48,1
36,13,1
36,21,1
37,44,2
37,10,3
37,23,4
37,39,2
37,6,2
37,40,3
37,24,3
37,19,1
37,22,4
37,43,1
37,15,4
37,25,4
37,12,4
37,42,1
37,46,4
37,5,4
37,4,3
37,13,3
37,16,3
37,37,3
37,11,4
37,41,4
37,36,2
37,14,2
37,26,3
37,2,3
37,29,2
37,7,3
37,28,1
37,9,2
37,18,1
37,20,3
37,1,2
37,27,3
37,17,2
37,3,2
37,45,1
37,30,1
37,21,1
38,43,2
38,26,5
38,12,3
38,28,3
38,9,5
38,21,4
38,25,4
38,13,4
38,20,1
38,5,3
38,22,3
38,11,3
38,10,1
38,16,4
38,19,2
38,48,2
38,23,3
38,42,2
38,17,1
38,15,5
38,3,4
38,45,1
38,40,3
38,2,4
38,4,4
38,38,2
38,1,4
38,37,2
38,29,2
38,6,2
38,46,1
38,44,1
38,41,1
38,7,2
38,8,2
38,14,2
38,27,1
38,36,1
38,30,1
39,41,6
39,14,4
39,9,3
39,26,4
39,23,5
39,16,3
39,6,3
39,2,2
39,45,2
39,8,3
39,40,2
39,3,3
39,5,3
39,25,4
39,7,2
39,37,1
39,43,2
39,11,4
39,4,3
39,27,4
39,1,3
39,47,1
39,10,4
39,12,3
39,44,1
39,13,2
39,22,3
39,15,2
39,36,2
39,17,2
39,30,1
39,46,2
39,38,2
39,29,2
39,18,1
39,21,2
39,20,2
39,24,1
39,39,1
40,14,4
40,10,4
40,26,4
40,5,5
40,48,1
40,40,2
40,12,4
40,30,2
40,38,4
40,45,2
40,27,2
40,7,1
40,18,3
40,16,5
40,37,1
40,41,3
40,29,1
40,4,3
40,6,2
40,3,4
40,19,1
40,24,2
40,25,4
40,8,2
40,20,2
40,2,3
40,13,3
40,21,3
40,47,1
40,1,4
40,9,3
40,46,2
40,23,3
40,44,1
40,11,1
40,15,2
40,43,1
40,36,1
40,42,2
40,28,1
40,22,1
41,24,4
41,23,5
41,2,3
41,25,5
41,9,2
41,26,5
41,47,4
41,11,4
41,39,1
41,10,5
41,20,3
41,14,3
41,13,4
41,27,3
41,1,5
41,38,3
41,37,4
41,3,4
41,18,2
41,46,2
41,5,4
41,29,2
41,30,1
41,16,1
41,43,2
41,40,1
41,4,2
41,15,1
41,12,3
41,36,3
41,6,2
41,45,1
41,22,2
41,19,1
41,44,1
41,28,2
42,10,3
42,25,2
42,14,4
42,6,3
42,29,2
42,15,4
42,30,1
42,1,4
42,7,3
42,2,4
42,16,6
42,22,4
42,47,4
42,12,3
42,11,5
42,26,3
42,23,4
42,13,3
42,27,1
42,39,3
42,24,2
42,48,1
42,5,2
42,36,2
42,43,1
42,20,1
42,17,2
42,8,1
42,41,3
42,21,2
42,40,1
42,45,3
42,9,1
42,38,2
42,37,2
42,28,1
42,46,2
42,4,3
42,42,1
42,44,1
43,21,4
43,16,3
43,13,4
43,26,3
43,1,3
43,23,5
43,25,4
43,4,4
43,14,3
43,42,1
43,37,2
43,47,3
43,46,4
43,12,3
43,27,2
43,20,2
43,24,3
43,11,3
43,29,3
43,5,4
43,40,2
43,7,1
43,15,1
43,48,1
43,17,1
43,2,3
43,36,2
43,22,2
43,10,3
43,8,2
43,28,3
43,9,3
43,30,1
43,3,2
43,43,1
43,38,2
43,45,2
43,39,1
43,6,1
43,41,2
43,19,1
44,15,4
44,24,3
44,9,3
44,23,3
44,27,2
44,36,2
44,22,5
44,30,1
44,10,2
44,26,5
44,29,2
44,40,2
44,5,5
44,38,2
44,4,5
44,21,1
44,12,3
44,42,2
44,7,3
44,20,3
44,1,2
44,47,1
44,28,1
44,14,3
44,43,1
44,41,2
44,16,3
44,44,2
44,2,3
44,45,1
44,3,2
44,48,1
44,11,5
44,25,3
44,13,3
44,18,1
44,8,2
44,37,1
44,19,1
44,17,2
44,6,1
44,46,1
45,40,3
45,41,3
45,15,5
45,39,3
45,48,1
45,36,2
45,37,3
45,1,3
45,7,3
45,10,6
45,5,3
45,16,4
45,23,3
45,14,3
45,4,2
45,11,5
45,9,3
45,2,5
45,3,1
45,30,2
45,6,3
45,22,3
45,12,5
45,28,2
45,45,2
45,25,3
45,18,1
45,42,2
45,24,2
45,26,2
45,44,3
45,38,1
45,21,1
45,27,3
45,13,2
45,20,1
45,43,1
46,38,6
46,17,3
46,36,1
46,18,3
46,23,3
46,16,3
46,25,3
46,10,5
46,43,2
46,40,3
46,39,2
46,2,3
46,11,2
46,29,2
46,9,3
46,15,6
46,5,3
46,21,2
46,14,3
46,6,3
46,24,4
46,4,4
46,20,3
46,42,3
46,44,1
46,22,3
46,12,3
46,28,1
46,1,2
46,8,2
46,27,2
46,7,2
46,26,3
46,3,1
46,13,2
46,46,1
46,41,1
46,45,1
47,23,3
47,2,4
47,6,3
47,1,4
47,30,1
47,4,4
47,16,6
47,26,4
47,45,3
47,3,2
47,15,4
47,10,2
47,24,4
47,29,2
47,7,2
47,13,3
47,41,3
47,14,2
47,43,2
47,8,1
47,42,2
47,18,2
47,20,2
47,27,1
47,11,4
47,36,2
47,25,2
47,37,1
47,21,3
47,44,2
47,17,1
47,46,2
47,5,3
47,40,1
47,38,2
47,22,2
47,9,2
47,12,2
47,39,2
47,48,1
47,28,1
47,47,1
48,15,5
48,8,3
48,5,3
48,12,3
48,23,5
48,1,4
48,29,2
48,16,4
48,2,4
48,37,2
48,26,3
48,38,2
48,28,3
48,43,3
48,20,4
48,10,3
48,44,2
48,9,3
48,36,3
48,11,4
48,4,2
48,13,3
48,22,3
48,24,3
48,46,3
48,6,3
48,30,1
48,39,2
48,25,3
48,48,1
48,3,2
48,41,2
48,45,2
48,14,1
48,42,2
48,27,1
48,40,1
49,43,2
49,14,2
49,41,6
49,39,1
49,24,1
49,5,2
49,13,3
49,11,4
49,9,3
49,6,4
49,15,1
49,23,4
49,30,1
49,25,4
49,2,2
49,27,4
49,8,4
49,1,3
49,10,6
49,19,1
49,16,3
49,38,3
49,29,3
49,48,1
49,4,4
49,26,3
49,22,2
49,42,2
49,45,3
49,21,1
49,12,3
49,37,1
49,20,2
49,44,2
49,28,1
49,36,2
49,46,2
49,47,1
49,3,1
49,7,1
49,40,1
50,37,4
50,9,3
50,23,5
50,13,4
50,47,2
50,16,3
50,8,4
50,7,3
50,14,3
50,1,4
50,20,3
50,5,4
50,41,4
50,2,3
50,10,3
50,38,2
50,15,3
50,22,2
50,28,1
50,30,1
50,36,1
50,39,1
50,40,2
50,25,3
50,19,1
50,18,1
50,44,3
50,11,3
50,12,3
50,45,2
50,17,3
50,3,3
50,26,2
50,46,1
50,21,1
50,29,1
50,6,1
50,24,2
50,43,1
50,27,2
50,48,1
50,42,1
51,45,2
51,42,4
51,17,2
51,12,3
51,11,4
51,10,3
51,28,3
51,3,5
51,13,6
51,41,3
51,25,3
51,15,4
51,14,3
51,5,5
51,9,3
51,26,2
51,20,3
51,1,5
51,40,3
51,29,1
51,21,2
51,23,4
51,43,2
51,16,3
51,24,2
51,38,2
51,2,3
51,39,1
51,27,2
51,18,1
51,36,1
51,37,2
51,22,2
51,8,1
51,44,2
51,6,1
51,19,1
51,4,1
52,15,4
52,6,4
52,23,5
52,45,1
52,10,4
52,46,3
52,1,5
52,48,2
52,30,2
52,5,4
52,25,5
52,16,3
52,12,4
52,28,1
52,20,4
52,11,4
52,22,3
52,2,3
52,3,4
52,14,2
52,39,2
52,7,2
52,41,3
52,18,2
52,4,2
52,13,3
52,44,1
52,9,3
52,8,1
52,40,3
52,42,1
52,17,1
52,24,1
52,27,1
52,36,2
52,37,1
52,21,2
52,47,1
52,38,1
53,2,4
53,4,4
53,18,3
53,14,5
53,17,3
53,20,3
53,26,4
53,36,2
53,16,5
53,23,3
53,22,4
53,13,4
53,1,3
53,25,5
53,12,2
53,8,2
53,5,3
53,27,3
53,10,3
53,47,2
53,3,2
53,9,1
53,39,3
53,41,4
53,45,2
53,11,3
53,15,3
53,6,3
53,29,2
53,40,1
53,42,2
53,21,1
53,37,2
53,28,2
53,24,1
53,48,1
54,8,4
54,9,4
54,48,1
54,1,6
54,7,3
54,5,6
54,37,2
54,22,3
54,26,3
54,3,3
54,23,5
54,14,2
54,36,2
54,2,2
54,20,2
54,6,1
54,19,1
54,39,3
54,13,3
54,44,1
54,11,6
54,47,2
54,15,4
54,27,1
54,41,3
54,29,2
54,38,1
54,28,3
54,21,3
54,45,1
54,43,2
54,25,3
54,40,2
54,42,2
54,4,1
54,12,3
54,18,2
54,16,1
54,24,1
55,5,5
55,20,3
55,45,2
55,37,1
55,24,2
55,11,5
55,36,3
55,16,3
55,12,4
55,38,3
55,1,3
55,18,2
55,4,5
55,26,2
55,22,3
55,48,3
55,28,1
55,9,3
55,15,3
55,23,4
55,7,3
55,41,5
55,25,2
55,46,2
55,8,1
55,6,3
55,17,2
55,30,2
55,14,1
55,29,2
55,27,4
55,2,1
55,13,2
55,19,1
55,44,1
55,43,1
55,10,3
55,39,1
55,42,1
55,3,1
55,40,1
56,46,4
56,9,5
56,1,3
56,28,3
56,10,2
56,11,5
56,12,3
56,3,6
56,20,4
56,16,3
56,5,2
56,25,3
56,41,4
56,13,3
56,2,3
56,15,5
56,23,1
56,22,4
56,8,2
56,26,3
56,14,2
56,40,2
56,39,2
56,47,2
56,45,3
56,38,2
56,43,1
56,42,2
56,36,1
56,19,1
56,29,1
56,27,2
56,37,2
56,48,1
56,24,3
56,17,2
56,6,1
56,18,1
56,21,1
57,2,4
57,36,3
57,22,4
57,26,6
57,8,3
57,5,3
57,48,1
57,46,4
57,23,2
57,10,3
57,24,2
57,9,1
57,25,3
57,1,2
57,45,2
57,17,3
57,14,2
57,11,4
57,40,2
57,12,3
57,41,4
57,38,3
57,7,2
57,16,4
57,29,1
57,15,3
57,20,3
57,4,4
57,37,2
57,47,1
57,39,2
57,21,2
57,44,3
57,3,2
57,28,2
57,6,1
57,43,2
57,42,1
57,19,1
58,42,3
58,1,4
58,20,5
58,23,4
58,45,3
58,38,3
58,9,4
58,3,4
58,39,3
58,16,3
58,10,3
58,11,4
58,15,4
58,5,5
58,40,3
58,12,4
58,25,4
58,27,2
58,26,3
58,44,2
58,6,2
58,18,2
58,4,2
58,8,3
58,46,1
58,2,2
58,24,2
58,29,3
58,30,1
58,41,2
58,43,1
58,14,1
58,22,2
58,28,1
58,21,2
58,37,1
58,13,1
58,7,1
59,45,3
59,44,2
59,1,6
59,21,2
59,10,4
59,3,3
59,42,3
59,28,2
59,9,3
59,46,2
59,39,3
59,23,4
59,25,3
59,5,3
59,15,3
59,41,4
59,40,1
59,29,2
59,27,1
59,26,4
59,24,1
59,6,1
59,36,2
59,20,3
59,22,2
59,4,3
59,17,3
59,14,4
59,37,3
59,12,3
59,11,2
59,2,3
59,7,1
59,47,1
59,8,1
59,18,2
59,38,1
59,16,2
59,13,2
59,43,1
59,48,1
60,16,6
60,22,4
60,23,2
60,45,2
60,36,2
60,2,3
60,20,4
60,12,4
60,48,1
60,9,5
60,5,2
60,25,3
60,24,2
60,26,2
60,19,1
60,44,3
60,27,1
60,21,2
60,15,4
60,37,2
60,14,3
60,39,2
60,41,1
60,17,1
60,38,2
60,1,3
60,28,2
60,43,1
60,46,4
60,13,2
60,11,4
60,4,2
60,40,2
60,3,4
60,10,2
60,29,3
60,7,2
60,18,1
60,42,1
60,30,1
60,8,1
60,47,1
61,24,3
61,23,3
61,4,3
61,37,3
61,22,5
61,20,3
61,7,2
61,18,1
61,11,4
61,30,3
61,10,4
61,1,2
61,26,4
61,40,2
61,15,2
61,19,2
61,39,1
61,47,1
61,27,3
61,13,3
61,45,2
61,14,3
61,3,3
61,12,3
61,28,2
61,5,2
61,36,2
61,17,1
61,16,4
61,25,4
61,9,2
61,21,2
61,8,3
61,44,1
61,2,3
61,38,2
61,6,1
61,29,2
61,41,2
61,43,1
61,46,1
62,26,5
62,37,1
62,23,4
62,39,2
62,5,5
62,20,3
62,9,4
62,22,3
62,14,5
62,36,4
62,15,4
62,21,4
62,2,3
62,47,4
62,4,3
62,10,3
62,11,4
62,1,2
62,13,3
62,28,2
62,46,2
62,41,2
62,6,2
62,27,1
62,29,2
62,25,2
62,12,3
62,40,2
62,38,1
62,3,2
62,19,2
62,16,3
62,45,1
62,8,2
62,43,2
62,18,1
62,7,1
62,42,1
63,16,4
63,22,5
63,25,4
63,11,2
63,13,5
63,29,2
63,3,3
63,46,2
63,6,2
63,23,3
63,15,4
63,38,1
63,12,3
63,43,4
63,9,4
63,21,3
63,40,2
63,41,2
63,5,5
63,10,3
63,7,2
63,19,1
63,2,2
63,14,3
63,27,3
63,24,3
63,20,4
63,28,1
63,37,1
63,44,3
63,4,1
63,17,1
63,45,1
63,42,2
63,18,1
63,36,2
63,48,1
63,26,1
63,1,2
63,30,1
63,8,1
64,9,4
64,27,2
64,1,4
64,11,6
64,30,1
64,13,3
64,20,2
64,8,2
64,28,4
64,23,2
64,43,1
64,40,2
64,24,1
64,15,3
64,36,3
64,2,4
64,47,1
64,45,3
64,5,3
64,22,4
64,44,1
64,41,3
64,4,4
64,10,3
64,14,3
64,3,2
64,12,3
64,25,3
64,29,2
64,16,2
64,7,1
64,37,2
64,18,1
64,48,1
64,38,2
64,19,1
64,26,3
64,17,2
64,39,1
64,21,1
64,46,2
64,6,1
64,42,1
65,20,5
65,2,4
65,28,3
65,41,1
65,46,5
65,16,4
65,4,1
65,48,2
65,45,1
65,17,3
65,44,3
65,5,3
65,19,1
65,25,3
65,26,2
65,36,4
65,1,4
65,9,1
65,43,1
65,7,3
65,42,3
65,11,4
65,22,4
65,8,2
65,13,3
65,14,3
65,29,3
65,40,2
65,21,1
65,3,3
65,6,2
65,30,2
65,10,3
65,15,2
65,18,2
65,24,1
65,12,2
65,23,2
65,27,1
65,37,1
66,13,3
66,36,3
66,25,4
66,5,3
66,40,2
66,21,4
66,42,3
66,11,3
66,26,6
66,15,4
66,29,3
66,18,2
66,20,4
66,10,3
66,9,4
66,14,3
66,19,2
66,3,3
66,7,1
66,39,2
66,41,3
66,6,3
66,16,4
66,2,1
66,46,2
66,23,3
66,4,3
66,8,2
66,22,3
66,44,1
66,28,1
66,37,2
66,12,3
66,24,2
66,17,1
66,43,1
66,38,1
66,47,1
66,1,1
67,15,7
67,16,1
67,26,4
67,22,4
67,1,5
67,5,3
67,46,3
67,14,4
67,20,3
67,10,4
67,45,2
67,2,4
67,7,4
67,13,4
67,36,2
67,9,3
67,12,2
67,3,4
67,41,3
67,47,1
67,48,2
67,11,2
67,4,3
67,38,2
67,39,2
67,6,1
67,23,3
67,40,2
67,28,1
67,37,2
67,42,2
67,19,2
67,24,3
67,43,1
67,29,1
67,30,1
67,17,1
67,27,1
67,18,1
68,14,2
68,46,3
68,18,4
68,1,3
68,5,3
68,16,5
68,6,3
68,42,3
68,36,2
68,22,2
68,45,3
68,41,4
68,39,3
68,28,4
68,2,3
68,26,3
68,38,2
68,40,3
68,47,1
68,37,1
68,44,2
68,11,2
68,17,1
68,12,4
68,20,1
68,13,2
68,24,4
68,7,3
68,9,2
68,25,3
68,23,3
68,43,2
68,10,3
68,8,2
68,4,1
68,21,2
68,15,3
68,27,2
68,3,1
69,16,4
69,9,2
69,1,3
69,40,3
69,8,4
69,21,2
69,41,3
69,27,2
69,2,4
69,45,3
69,4,4
69,26,4
69,36,3
69,25,3
69,43,2
69,29,1
69,14,2
69,19,2
69,17,2
69,15,2
69,20,3
69,48,1
69,11,2
69,22,2
69,37,2
69,13,3
69,10,4
69,18,2
69,24,3
69,3,2
69,5,3
69,6,2
69,28,1
69,44,3
69,23,3
69,7,1
69,46,1
69,30,2
69,47,2
69,39,1
69,38,1
69,12,1
70,11,4
70,27,4
70,14,4
70,22,5
70,4,3
70,20,2
70,10,2
70,15,2
70,24,3
70,2,4
70,37,3
70,46,2
70,40,1
70,23,1
70,6,3
70,12,6
70,9,4
70,29,2
70,25,1
70,3,3
70,42,4
70,13,3
70,26,3
70,30,2
70,41,5
70,44,3
70,5,4
70,21,2
70,28,2
70,39,1
70,8,2
70,1,2
70,16,3
70,38,2
70,45,1
70,19,1
70,7,1
71,4,4
71,20,5
71,12,4
71,43,2
71,37,4
71,44,4
71,14,4
71,2,2
71,36,4
71,15,4
71,22,3
71,19,1
71,13,2
71,45,1
71,23,3
71,10,4
71,38,2
71,9,3
71,11,2
71,16,5
71,39,1
71,18,2
71,1,3
71,28,2
71,25,3
71,46,1
71,26,3
71,5,2
71,17,3
71,42,2
71,8,2
71,24,2
71,3,2
71,41,2
71,27,1
71,21,1
71,6,2
71,29,1
71,40,1
71,30,1
72,22,3
72,30,2
72,40,1
72,24,3
72,16,6
72,15,5
72,41,4
72,37,2
72,43,3
72,9,2
72,25,3
72,12,5
72,38,3
72,13,5
72,2,4
72,47,2
72,20,3
72,17,2
72,3,3
72,11,4
72,5,3
72,8,1
72,21,2
72,1,4
72,36,1
72,29,2
72,26,3
72,42,1
72,7,2
72,44,1
72,14,3
72,10,1
72,39,1
72,46,2
72,18,2
72,4,1
72,6,2
72,19,1
72,48,1
72,27,1
73,1,3
73,26,5
73,12,3
73,41,4
73,23,5
73,20,3
73,21,1
73,28,3
73,4,1
73,11,5
73,16,4
73,39,2
73,37,3
73,38,2
73,40,1
73,9,3
73,47,3
73,24,2
73,45,2
73,44,3
73,14,4
73,29,2
73,3,1
73,6,2
73,30,2
73,8,2
73,10,3
73,43,2
73,13,3
73,15,3
73,5,3
73,18,2
73,48,2
73,42,2
73,19,1
73,22,3
73,46,1
73,2,1
73,36,1
73,17,1
73,25,1
74,38,3
74,44,4
74,9,3
74,47,2
74,13,3
74,16,4
74,10,2
74,28,1
74,25,3
74,18,1
74,45,3
74,4,4
74,48,2
74,11,2
74,22,3
74,21,2
74,20,4
74,41,7
74,12,6
74,5,4
74,43,2
74,36,2
74,17,1
74,6,1
74,7,1
74,46,2
74,37,2
74,42,2
74,40,1
74,3,3
74,26,1
74,27,2
74,24,1
74,15,2
74,2,2
74,1,2
74,23,4
74,30,1
74,8,1
74,29,2
74,14,1
74,19,1
75,20,3
75,19,2
75,5,4
75,11,4
75,25,4
75,7,2
75,10,3
75,4,4
75,37,2
75,38,4
75,6,2
75,41,3
75,13,3
75,29,2
75,14,4
75,24,1
75,36,3
75,12,2
75,17,2
75,9,4
75,21,2
75,22,3
75,46,1
75,3,3
75,28,2
75,39,3
75,16,3
75,27,2
75,8,2
75,26,3
75,15,4
75,23,2
75,2,2
75,18,1
75,1,1
75,44,2
75,30,2
75,48,1
75,47,1
75,40,1
75,43,1
76,43,3
76,6,3
76,14,5
76,10,4
76,2,5
76,27,5
76,9,4
76,26,2
76,42,2
76,1,4
76,8,2
76,48,3
76,38,2
76,4,3
76,24,1
76,15,2
76,37,2
76,23,4
76,5,3
76,18,3
76,13,2
76,7,4
76,21,3
76,22,4
76,16,3
76,12,3
76,25,4
76,39,1
76,11,1
76,20,2
76,45,1
76,47,2
76,28,1
76,46,2
76,41,1
76,3,1
76,40,1
76,36,1
76,44,1
77,20,5
77,29,2
77,14,5
77,12,4
77,1,3
77,25,4
77,40,3
77,23,5
77,3,3
77,19,1
77,47,2
77,15,5
77,28,3
77,7,2
77,9,3
77,21,1
77,27,1
77,2,2
77,36,2
77,26,2
77,4,2
77,10,3
77,30,3
77,5,3
77,13,3
77,18,2
77,44,3
77,48,2
77,24,1
77,6,3
77,43,2
77,37,1
77,41,3
77,22,2
77,39,2
77,16,3
77,46,1
77,42,1
77,8,1
77,11,1
78,18,3
78,15,5
78,9,4
78,13,2
78,24,4
78,23,3
78,25,2
78,20,3
78,8,1
78,12,2
78,28,2
78,46,4
78,11,3
78,37,3
78,26,4
78,16,3
78,27,2
78,41,3
78,14,2
78,36,1
78,45,3
78,42,2
78,5,4
78,1,4
78,44,2
78,43,3
78,10,2
78,2,1
78,29,2
78,3,3
78,30,2
78,21,2
78,47,1
78,22,4
78,40,2
78,4,2
78,48,1
78,6,2
78,17,1
78,7,1
79,15,6
79,25,5
79,29,2
79,47,2
79,7,2
79,28,2
79,37,3
79,40,2
79,21,2
79,27,3
79,8,2
79,3,3
79,22,3
79,41,5
79,18,2
79,4,4
79,23,4
79,48,2
79,13,4
79,14,4
79,11,3
79,38,2
79,36,1
79,26,3
79,42,2
79,12,5
79,20,3
79,24,2
79,16,3
79,43,2
79,9,1
79,44,2
79,39,1
79,30,1
79,1,2
79,5,2
79,10,2
79,6,1
80,13,4
80,1,3
80,40,2
80,10,4
80,25,3
80,46,1
80,2,4
80,3,5
80,41,5
80,4,4
80,14,5
80,9,4
80,26,4
80,6,3
80,47,1
80,36,2
80,17,3
80,23,5
80,7,1
80,43,2
80,27,1
80,15,2
80,8,2
80,28,2
80,16,2
80,12,4
80,42,3
80,21,1
80,5,2
80,11,2
80,30,1
80,38,2
80,37,1
80,22,3
80,19,1
80,48,1
80,24,2
80,44,1
80,45,1
80,18,1
81,48,2
81,16,2
81,45,2
81,39,3
81,11,3
81,9,5
81,25,4
81,38,4
81,13,4
81,12,3
81,15,5
81,36,3
81,4,4
81,43,2
81,10,2
81,3,1
81,26,4
81,21,2
81,20,2
81,7,2
81,22,3
81,29,2
81,23,3
81,28,1
81,47,1
81,27,3
81,41,2
81,14,2
81,1,3
81,40,1
81,8,3
81,5,3
81,2,3
81,6,1
81,24,1
81,42,1
81,17,2
81,30,2
81,37,2
81,18,1
81,46,1
82,41,5
82,43,2
82,12,4
82,24,3
82,40,3
82,3,3
82,27,3
82,20,1
82,16,5
82,2,3
82,9,3
82,15,5
82,46,2
82,6,2
82,45,3
82,1,2
82,23,4
82,48,2
82,4,2
82,13,3
82,25,3
82,11,3
82,39,1
82,42,2
82,29,1
82,10,4
82,26,2
82,30,3
82,8,2
82,14,2
82,36,3
82,17,2
82,38,2
82,22,1
82,5,3
82,7,1
82,21,2
82,37,1
82,47,1
82,44,1
83,9,3
83,23,3
83,36,2
83,26,2
83,10,1
83,41,5
83,12,6
83,21,2
83,40,3
83,5,3
83,27,2
83,25,3
83,14,2
83,43,2
83,16,6
83,11,4
83,20,4
83,22,4
83,46,3
83,13,4
83,2,3
83,3,3
83,4,4
83,45,1
83,1,4
83,15,2
83,28,2
83,18,2
83,19,2
83,37,1
83,17,3
83,6,1
83,30,1
83,38,1
83,8,2
83,29,2
83,24,1
83,7,1
84,3,3
84,2,5
84,19,2
84,46,3
84,22,2
84,9,3
84,14,3
84,18,2
84,8,2
84,48,1
84,25,3
84,16,5
84,4,2
84,40,3
84,45,2
84,11,3
84,5,5
84,36,2
84,27,2
84,23,4
84,43,2
84,42,2
84,41,3
84,1,3
84,39,2
84,12,4
84,26,3
84,37,2
84,6,2
84,15,2
84,13,3
84,17,2
84,24,1
84,29,1
84,7,2
84,10,2
84,44,2
84,20,2
84,47,1
84,21,1
84,28,1
85,1,4
85,18,1
85,26,4
85,46,2
85,41,6
85,48,3
85,44,2
85,27,2
85,25,1
85,2,4
85,11,4
85,20,3
85,37,1
85,12,4
85,3,3
85,10,3
85,13,3
85,16,5
85,24,2
85,7,1
85,23,3
85,22,2
85,36,3
85,30,1
85,17,2
85,38,1
85,5,4
85,39,3
85,15,5
85,45,2
85,29,1
85,4,4
85,9,2
85,14,3
85,6,2
85,47,2
85,21,2
86,43,3
86,44,3
86,8,3
86,25,4
86,3,6
86,30,1
86,18,2
86,21,2
86,26,5
86,7,4
86,22,3
86,41,5
86,37,2
86,9,3
86,12,4
86,13,3
86,16,3
86,2,4
86,11,3
86,19,2
86,5,3
86,20,2
86,36,3
86,14,3
86,1,2
86,46,2
86,39,2
86,38,1
86,24,1
86,4,2
86,15,3
86,48,2
86,10,1
86,6,2
86,23,2
86,27,2
86,47,1
86,42,1
87,2,4
87,41,5
87,6,2
87,14,3
87,4,4
87,36,3
87,44,2
87,7,2
87,17,2
87,45,3
87,1,5
87,5,4
87,47,1
87,3,3
87,46,4
87,29,1
87,11,2
87,40,2
87,23,4
87,19,2
87,12,3
87,9,2
87,24,3
87,13,3
87,22,2
87,20,1
87,18,3
87,39,2
87,48,1
87,16,4
87,43,2
87,26,2
87,42,2
87,8,1
87,21,2
87,15,3
87,10,2
87,37,2
87,27,1
87,38,1
88,20,2
88,10,3
88,24,3
88,13,3
88,36,3
88,15,4
88,48,4
88,22,4
88,5,3
88,43,4
88,1,3
88,41,3
88,40,1
88,14,5
88,26,3
88,11,5
88,17,1
88,23,5
88,42,1
88,25,4
88,7,3
88,38,2
88,2,2
88,44,2
88,30,2
88,16,3
88,27,1
88,4,2
88,37,3
88,21,2
88,28,1
88,9,3
88,3,2
88,46,2
88,39,1
88,8,2
88,6,1
88,18,1
88,12,1
89,39,3
89,20,2
89,13,2
89,40,2
89,1,5
89,2,4
89,14,4
89,16,5
89,36,1
89,27,3
89,11,4
89,21,4
89,5,2
89,19,1
89,38,3
89,47,2
89,41,3
89,23,4
89,7,1
89,48,1
89,24,3
89,45,2
89,15,3
89,10,3
89,25,4
89,46,2
89,12,5
89,26,2
89,9,2
89,43,1
89,6,3
89,4,4
89,29,1
89,17,2
89,22,2
89,18,1
89,3,1
89,44,1
89,37,1
89,42,1
90,29,3
90,25,4
90,45,3
90,2,3
90,7,2
90,22,3
90,9,3
90,16,5
90,41,8
90,38,2
90,15,2
90,46,2
90,18,1
90,39,3
90,14,4
90,47,2
90,5,4
90,20,4
90,11,4
90,24,3
90,1,2
90,44,1
90,12,2
90,42,2
90,13,3
90,28,3
90,43,2
90,10,4
90,30,1
90,4,3
90,21,2
90,6,1
90,37,1
90,3,2
90,26,1
90,23,1
90,36,1
90,19,1
90,27,1
90,8,1
91,20,3
91,2,5
91,4,5
91,10,4
91,3,3
91,14,4
91,9,4
91,16,3
91,13,2
91,5,5
91,12,4
91,27,3
91,19,1
91,41,2
91,7,4
91,28,4
91,18,1
91,1,4
91,43,3
91,30,1
91,22,3
91,11,5
91,26,2
91,23,3
91,38,2
91,25,2
91,40,1
91,8,1
91,37,1
91,6,2
91,48,2
91,46,1
91,17,1
91,44,2
91,21,2
91,45,2
91,36,1
91,29,1
91,47,1
92,4,3
92,27,2
92,22,2
92,3,4
92,11,4
92,10,5
92,2,3
92,23,2
92,25,3
92,43,1
92,14,5
92,40,3
92,19,1
92,48,2
92,9,4
92,13,4
92,12,2
92,5,3
92,24,1
92,15,3
92,8,2
92,7,2
92,16,5
92,1,3
92,26,4
92,18,2
92,47,1
92,41,4
92,20,3
92,42,1
92,38,1
92,46,3
92,36,1
92,45,1
92,39,3
92,17,2
92,21,1
92,44,2
92,28,1
92,37,1
93,26,4
93,5,5
93,6,4
93,11,3
93,40,4
93,15,3
93,2,4
93,1,3
93,22,3
93,9,4
93,27,3
93,48,1
93,46,3
93,4,3
93,24,3
93,37,4
93,10,5
93,39,1
93,3,3
93,44,1
93,13,4
93,41,2
93,18,2
93,16,4
93,21,3
93,45,2
93,14,3
93,7,1
93,36,2
93,12,2
93,8,2
93,25,3
93,17,1
93,23,1
93,30,1
93,20,1
93,42,1
93,43,1
94,40,3
94,10,6
94,12,5
94,14,2
94,23,5
94,19,1
94,4,4
94,44,4
94,16,7
94,28,3
94,46,2
94,20,4
94,22,4
94,3,2
94,42,2
94,43,2
94,24,2
94,15,4
94,25,2
94,17,2
94,5,4
94,37,1
94,1,2
94,27,1
94,9,2
94,18,1
94,45,1
94,2,2
94,26,3
94,38,3
94,48,2
94,7,1
94,13,2
94,41,3
94,11,3
94,8,1
94,39,1
94,30,1
95,41,4
95,13,2
95,4,3
95,1,3
95,40,4
95,37,3
95,44,1
95,16,5
95,21,2
95,46,2
95,9,4
95,23,3
95,15,3
95,11,4
95,14,4
95,22,3
95,8,2
95,10,5
95,3,4
95,29,2
95,12,2
95,24,1
95,20,3
95,5,3
95,43,4
95,42,2
95,48,2
95,27,2
95,25,2
95,36,2
95,45,3
95,47,2
95,26,3
95,2,1
95,28,2
95,19,1
95,17,1
95,7,1
96,41,5
96,16,3
96,46,2
96,11,6
96,13,5
96,19,2
96,15,2
96,29,1
96,23,4
96,14,5
96,12,3
96,22,3
96,40,2
96,48,2
96,25,3
96,5,3
96,37,3
96,28,3
96,10,4
96,3,2
96,36,2
96,38,3
96,45,3
96,18,3
96,6,1
96,26,2
96,9,2
96,43,2
96,24,1
96,2,3
96,21,3
96,4,2
96,39,1
96,47,1
96,8,2
96,27,1
96,20,1
96,42,1
96,7,1
96,30,1
96,44,1
97,26,2
97,14,2
97,9,2
97,27,4
97,15,2
97,17,3
97,13,4
97,12,4
97,37,2
97,16,5
97,5,4
97,39,2
97,2,3
97,11,3
97,44,3
97,40,2
97,8,2
97,20,3
97,4,5
97,22,3
97,19,1
97,24,2
97,7,4
97,29,3
97,43,2
97,10,4
97,3,3
97,38,1
97,36,2
97,6,1
97,23,3
97,25,3
97,1,3
97,46,1
97,42,2
97,48,1
97,41,1
97,18,1
97,47,1
97,21,1
98,10,3
98,48,3
98,3,4
98,23,2
98,4,4
98,40,3
98,25,3
98,20,3
98,6,1
98,24,4
98,1,2
98,46,4
98,11,2
98,29,2
98,26,2
98,37,2
98,39,3
98,5,5
98,42,1
98,22,4
98,13,4
98,18,1
98,15,3
98,21,2
98,28,2
98,17,1
98,41,1
98,2,3
98,14,4
98,30,2
98,47,1
98,45,3
98,12,2
98,43,1
98,7,1
98,8,1
98,16,3
98,19,1
98,9,3
98,44,1
98,38,1
98,36,1
98,27,1
99,23,4
99,41,5
99,48,3
99,45,2
99,13,4
99,16,3
99,26,4
99,21,3
99,44,3
99,18,1
99,30,2
99,39,2
99,42,2
99,19,1
99,9,4
99,37,4
99,15,3
99,7,2
99,10,3
99,27,1
99,20,2
99,22,3
99,5,4
99,4,3
99,14,3
99,28,3
99,36,1
99,43,1
99,40,2
99,2,2
99,6,2
99,12,3
99,25,4
99,17,2
99,11,2
99,1,4
99,38,1
99,24,1
99,3,1
