run,card_id,card_frequency
0,31,1
0,16,6
0,41,5
0,40,1
0,22,5
0,20,4
0,44,2
0,47,3
0,13,3
0,26,3
0,27,2
0,18,3
0,2,3
0,25,3
0,11,4
0,28,4
0,38,2
0,9,4
0,8,2
0,12,2
0,3,5
0,46,1
0,5,3
0,45,2
0,23,3
0,10,1
0,6,2
0,1,1
0,14,3
0,15,3
0,32,1
0,33,1
0,19,1
0,36,3
0,34,1
0,29,1
0,17,1
0,42,2
0,35,1
0,24,1
0,48,1
1,28,1
1,48,2
1,6,3
1,10,3
1,40,2
1,23,4
1,47,2
1,11,5
1,9,4
1,17,3
1,15,4
1,26,4
1,42,4
1,13,3
1,3,3
1,39,2
1,8,3
1,19,1
1,14,4
1,20,3
1,31,1
1,4,2
1,32,1
1,5,2
1,36,2
1,22,2
1,45,4
1,25,3
1,33,1
1,16,3
1,7,2
1,2,2
1,37,1
1,1,2
1,41,4
1,12,2
1,29,2
1,38,2
1,30,1
1,27,1
2,5,4
2,22,5
2,12,3
2,1,4
2,2,3
2,16,6
2,11,4
2,45,1
2,48,1
2,41,4
2,38,3
2,19,2
2,31,1
2,7,2
2,39,2
2,26,4
2,20,3
2,43,3
2,24,3
2,10,4
2,46,1
2,4,3
2,32,1
2,33,1
2,23,2
2,40,1
2,6,2
2,3,2
2,25,1
2,9,3
2,47,3
2,14,3
2,15,2
2,13,2
2,21,2
2,34,1
2,30,1
2,27,1
2,42,2
2,29,1
2,37,1
2,36,1
2,17,1
3,7,3
3,40,2
3,16,5
3,2,3
3,6,3
3,25,3
3,1,3
3,11,4
3,41,2
3,31,1
3,36,1
3,13,5
3,45,1
3,29,2
3,5,4
3,27,4
3,48,1
3,23,4
3,28,3
3,39,2
3,14,4
3,22,2
3,10,4
3,24,2
3,3,3
3,26,2
3,15,2
3,12,4
3,20,3
3,37,2
3,46,1
3,21,1
3,18,1
3,42,1
3,38,2
3,9,2
3,4,2
3,17,2
3,44,1
3,19,1
3,30,1
3,32,1
4,9,4
4,20,3
4,14,5
4,2,3
4,3,3
4,24,1
4,16,3
4,15,4
4,45,2
4,10,5
4,31,1
4,18,2
4,32,1
4,1,3
4,46,4
4,36,2
4,5,2
4,38,3
4,25,4
4,23,1
4,11,3
4,21,2
4,44,3
4,6,1
4,8,1
4,26,4
4,28,1
4,41,4
4,33,1
4,19,1
4,37,2
4,4,4
4,48,2
4,39,2
4,34,1
4,12,2
4,13,2
4,7,2
4,47,1
4,42,1
4,35,1
4,22,1
4,40,1
4,27,1
5,12,2
5,38,3
5,4,5
5,36,1
5,28,4
5,2,3
5,9,3
5,43,2
5,41,3
5,10,1
5,20,3
5,26,5
5,25,3
5,16,4
5,3,6
5,6,3
5,27,1
5,31,1
5,15,5
5,42,3
5,40,2
5,30,1
5,13,2
5,7,2
5,46,2
5,8,2
5,5,2
5,1,1
5,23,3
5,24,1
5,37,1
5,39,3
5,22,3
5,47,1
5,21,2
5,17,1
5,32,1
5,44,1
5,45,1
5,19,1
5,33,1
5,14,1
5,11,2
5,34,1
5,35,1
6,42,4
6,6,3
6,20,4
6,3,3
6,13,3
6,7,3
6,45,4
6,10,3
6,8,2
6,5,3
6,41,2
6,22,3
6,31,1
6,39,2
6,4,3
6,2,2
6,12,4
6,11,3
6,26,5
6,48,2
6,16,3
6,9,4
6,18,2
6,25,4
6,28,2
6,44,2
6,47,1
6,36,2
6,38,2
6,15,3
6,40,1
6,23,2
6,21,1
6,32,1
6,14,2
6,33,1
6,37,2
6,34,1
6,43,1
6,17,1
6,1,1
6,19,1
6,46,1
7,46,1
7,22,2
7,7,3
7,42,2
7,36,2
7,2,3
7,1,3
7,41,4
7,3,3
7,26,3
7,13,3
7,40,2
7,25,4
7,20,3
7,23,3
7,47,2
7,4,4
7,16,4
7,44,3
7,6,2
7,45,2
7,10,3
7,11,2
7,5,4
7,19,1
7,31,1
7,9,4
7,24,1
7,14,2
7,38,2
7,39,2
7,37,2
7,8,2
7,12,2
7,27,2
7,15,3
7,32,1
7,21,1
7,33,1
7,43,1
7,18,1
7,30,1
7,17,1
7,34,1
7,28,1
8,16,2
8,13,3
8,5,3
8,6,3
8,20,4
8,27,4
8,38,3
8,39,2
8,3,4
8,15,3
8,7,2
8,37,1
8,4,3
8,1,5
8,45,3
8,18,1
8,31,1
8,8,2
8,36,4
8,43,2
8,10,1
8,17,1
8,40,2
8,12,4
8,47,1
8,9,4
8,22,3
8,14,4
8,28,2
8,25,3
8,41,3
8,42,1
8,2,1
8,29,2
8,32,1
8,33,1
8,44,3
8,23,2
8,34,1
8,11,2
8,35,1
8,26,1
8,30,1
9,47,1
9,28,2
9,11,5
9,16,6
9,1,4
9,29,1
9,37,2
9,39,1
9,38,2
9,27,2
9,41,4
9,13,3
9,26,2
9,44,2
9,46,3
9,31,1
9,3,3
9,15,3
9,4,4
9,6,2
9,14,4
9,40,4
9,10,4
9,25,2
9,43,2
9,32,1
9,42,2
9,9,2
9,22,2
9,8,2
9,2,3
9,23,3
9,7,1
9,33,1
9,30,2
9,48,1
9,24,1
9,18,1
9,34,1
9,5,2
9,20,2
9,35,1
9,12,2
9,19,1
10,31,1
10,48,3
10,5,3
10,23,3
10,21,3
10,29,3
10,22,5
10,39,2
10,24,3
10,28,2
10,41,4
10,37,3
10,9,4
10,14,3
10,13,2
10,46,3
10,20,3
10,38,3
10,15,4
10,1,4
10,27,2
10,30,1
10,32,1
10,17,1
10,45,2
10,12,3
10,43,1
10,2,3
10,33,1
10,16,2
10,26,2
10,7,3
10,40,2
10,4,2
10,36,1
10,34,1
10,25,2
10,35,1
10,6,1
10,10,2
10,42,1
10,3,1
10,8,1
10,19,1
10,11,1
11,4,4
11,6,4
11,2,4
11,11,4
11,12,4
11,31,1
11,28,2
11,42,1
11,3,3
11,37,2
11,15,2
11,10,5
11,26,3
11,22,3
11,29,1
11,9,4
11,41,3
11,18,2
11,39,1
11,1,2
11,14,4
11,20,3
11,13,2
11,44,3
11,40,3
11,25,3
11,5,3
11,32,1
11,43,2
11,19,2
11,33,1
11,7,2
11,24,1
11,34,1
11,48,1
11,23,1
11,27,2
11,16,2
11,45,1
11,36,2
11,8,1
11,21,2
11,35,1
11,46,1
12,3,5
12,48,2
12,31,1
12,38,4
12,14,4
12,24,1
12,8,3
12,22,4
12,26,3
12,15,3
12,36,2
12,39,3
12,16,6
12,2,2
12,41,3
12,4,3
12,11,4
12,30,2
12,23,3
12,5,4
12,9,2
12,1,3
12,43,2
12,13,3
12,29,2
12,44,3
12,12,1
12,10,2
12,47,1
12,45,1
12,6,2
12,37,1
12,42,1
12,20,1
12,21,3
12,25,2
12,32,1
12,33,1
12,28,1
12,17,1
12,46,1
12,27,1
12,34,1
12,19,1
13,13,2
13,28,3
13,25,5
13,3,4
13,27,2
13,16,3
13,20,3
13,10,5
13,46,2
13,9,1
13,21,2
13,41,3
13,14,2
13,22,3
13,6,2
13,26,3
13,2,3
13,37,1
13,8,4
13,47,2
13,45,2
13,30,1
13,11,3
13,5,2
13,36,2
13,31,1
13,17,3
13,24,2
13,32,1
13,7,3
13,23,1
13,42,2
13,4,5
13,43,1
13,33,1
13,1,2
13,12,3
13,39,2
13,38,2
13,34,1
13,48,1
13,15,2
13,19,1
13,44,1
14,15,4
14,11,2
14,46,3
14,23,4
14,27,4
14,20,2
14,36,4
14,10,4
14,37,3
14,43,3
14,8,2
14,42,2
14,5,4
14,28,2
14,45,1
14,26,5
14,16,4
14,47,1
14,29,2
14,31,1
14,22,2
14,25,3
14,4,3
14,12,3
14,9,3
14,14,3
14,7,2
14,41,3
14,13,1
14,40,2
14,3,4
14,44,2
14,21,1
14,18,2
14,1,2
14,2,1
14,24,1
14,6,2
14,48,1
14,38,1
14,17,1
15,9,4
15,25,2
15,15,3
15,22,3
15,17,2
15,16,6
15,37,2
15,40,3
15,23,4
15,14,3
15,36,2
15,20,3
15,47,2
15,31,1
15,4,6
15,42,3
15,13,3
15,45,3
15,2,3
15,41,3
15,7,2
15,3,1
15,43,3
15,38,2
15,39,1
15,5,2
15,8,2
15,11,1
15,24,3
15,1,3
15,12,4
15,27,2
15,46,3
15,21,1
15,10,2
15,6,1
15,48,1
15,18,1
15,32,1
15,33,1
15,44,1
15,19,1
16,11,3
16,36,2
16,41,4
16,26,4
16,1,3
16,4,4
16,9,5
16,48,2
16,23,6
16,25,4
16,40,1
16,12,3
16,31,1
16,15,2
16,38,3
16,13,4
16,5,4
16,6,3
16,2,3
16,32,1
16,16,3
16,3,3
16,39,1
16,10,2
16,46,2
16,22,3
16,14,3
16,7,2
16,33,1
16,21,3
16,37,2
16,18,1
16,45,1
16,20,1
16,44,2
16,34,1
16,27,1
16,8,1
16,42,1
16,43,1
16,35,1
16,28,1
16,29,1
17,38,3
17,12,4
17,1,5
17,26,5
17,17,3
17,41,1
17,31,1
17,11,4
17,48,2
17,6,2
17,2,3
17,10,4
17,32,1
17,18,3
17,27,2
17,21,4
17,16,3
17,13,3
17,36,1
17,25,3
17,24,1
17,37,3
17,23,3
17,5,3
17,14,1
17,4,4
17,39,3
17,40,1
17,22,2
17,43,3
17,9,3
17,7,3
17,33,1
17,44,1
17,34,1
17,3,3
17,20,3
17,42,1
17,28,2
17,47,1
18,28,2
18,31,1
18,10,6
18,11,3
18,12,4
18,45,3
18,17,1
18,4,3
18,13,3
18,20,3
18,48,1
18,41,4
18,7,2
18,46,2
18,40,2
18,1,4
18,21,1
18,16,4
18,14,3
18,37,2
18,44,4
18,43,2
18,23,1
18,2,2
18,9,3
18,26,5
18,5,4
18,8,3
18,25,3
18,15,2
18,19,1
18,38,2
18,27,2
18,36,2
18,32,1
18,39,2
18,33,1
18,18,2
18,29,1
18,3,1
18,24,1
18,6,1
19,9,3
19,40,4
19,28,2
19,22,2
19,20,3
19,10,4
19,48,2
19,16,6
19,14,3
19,21,3
19,17,2
19,39,3
19,26,2
19,8,3
19,11,3
19,2,3
19,13,2
19,3,4
19,41,3
19,27,3
19,4,2
19,12,2
19,23,3
19,45,2
19,46,1
19,31,1
19,24,1
19,15,4
19,47,1
19,6,2
19,1,2
19,42,2
19,5,1
19,25,2
19,36,2
19,38,3
19,19,1
19,7,2
19,37,1
19,29,1
19,30,1
19,32,1
19,33,1
19,34,1
20,8,1
20,26,4
20,15,4
20,12,4
20,1,2
20,25,4
20,5,5
20,24,3
20,29,1
20,27,4
20,7,2
20,13,3
20,17,1
20,31,1
20,20,3
20,22,4
20,48,2
20,32,1
20,40,2
20,4,5
20,23,3
20,43,2
20,16,4
20,18,1
20,42,2
20,37,2
20,44,1
20,2,4
20,14,1
20,9,1
20,10,2
20,47,2
20,6,2
20,11,2
20,28,2
20,3,2
20,46,2
20,33,1
20,19,1
20,41,2
20,38,2
20,45,1
20,39,1
20,21,1
21,31,1
21,25,5
21,7,2
21,9,2
21,24,4
21,28,1
21,20,3
21,16,6
21,27,1
21,4,3
21,41,4
21,17,1
21,14,3
21,10,4
21,1,4
21,12,4
21,48,2
21,3,2
21,29,2
21,37,2
21,40,2
21,22,5
21,39,2
21,15,2
21,6,3
21,5,4
21,47,1
21,26,3
21,46,2
21,43,1
21,32,1
21,13,2
21,11,3
21,33,1
21,21,2
21,23,2
21,2,2
21,42,1
21,45,1
21,30,1
21,8,1
21,38,1
21,34,1
22,17,3
22,40,4
22,15,4
22,41,5
22,46,2
22,4,5
22,26,5
22,14,5
22,36,3
22,13,4
22,5,4
22,8,2
22,20,3
22,3,2
22,30,1
22,23,3
22,9,4
22,21,2
22,24,2
22,31,1
22,22,2
22,10,3
22,38,2
22,45,1
22,43,2
22,16,3
22,2,3
22,29,1
22,39,2
22,32,1
22,47,2
22,33,1
22,12,2
22,7,2
22,42,2
22,44,1
22,34,1
22,1,1
22,11,1
22,25,1
22,28,1
22,37,1
23,16,4
23,11,4
23,38,5
23,5,4
23,41,4
23,14,5
23,6,3
23,10,2
23,25,3
23,12,2
23,20,3
23,27,3
23,23,2
23,22,4
23,43,4
23,13,3
23,1,1
23,37,2
23,28,2
23,26,3
23,31,1
23,40,1
23,39,2
23,46,2
23,32,1
23,2,2
23,7,2
23,15,5
23,8,2
23,3,3
23,33,1
23,4,1
23,44,3
23,17,2
23,34,1
23,18,1
23,9,2
23,35,1
23,19,1
23,48,1
23,21,2
24,16,2
24,6,5
24,22,4
24,10,3
24,40,2
24,3,4
24,42,3
24,9,3
24,21,3
24,14,6
24,4,2
24,1,3
24,31,1
24,41,4
24,45,3
24,11,3
24,38,2
24,23,2
24,36,2
24,30,1
24,39,3
24,24,3
24,20,4
24,15,2
24,46,2
24,5,3
24,28,2
24,13,1
24,12,3
24,37,1
24,7,2
24,26,3
24,17,1
24,29,1
24,2,2
24,48,1
24,8,1
24,43,2
24,44,1
24,32,1
24,18,1
24,33,1
24,25,1
25,45,3
25,31,1
25,5,5
25,7,2
25,15,3
25,4,4
25,9,3
25,21,2
25,1,4
25,3,5
25,14,2
25,40,1
25,18,2
25,25,4
25,20,2
25,13,3
25,39,1
25,11,3
25,24,2
25,41,4
25,6,4
25,44,3
25,28,1
25,32,1
25,12,1
25,36,2
25,38,2
25,16,2
25,2,3
25,37,2
25,33,1
25,34,1
25,10,4
25,43,2
25,27,3
25,47,1
25,48,1
25,35,1
25,19,1
25,26,1
25,22,3
25,46,1
25,23,1
25,42,1
25,29,1
26,16,3
26,37,1
26,13,4
26,4,4
26,25,3
26,23,4
26,15,5
26,45,1
26,17,4
26,44,1
26,22,4
26,24,2
26,20,3
26,26,4
26,5,4
26,14,4
26,3,4
26,1,2
26,31,1
26,7,1
26,9,3
26,12,3
26,39,1
26,27,4
26,40,2
26,2,3
26,48,2
26,36,1
26,10,1
26,38,2
26,41,2
26,42,1
26,11,3
26,8,2
26,46,3
26,47,2
26,29,1
26,43,1
26,18,1
26,32,1
26,21,1
26,30,1
27,5,4
27,48,2
27,26,4
27,36,3
27,21,5
27,39,3
27,10,3
27,1,3
27,30,2
27,41,3
27,11,2
27,44,1
27,18,2
27,3,5
27,12,4
27,13,2
27,43,1
27,15,2
27,4,3
27,23,3
27,19,1
27,45,1
27,31,1
27,37,2
27,16,4
27,22,2
27,24,3
27,14,5
27,2,2
27,42,2
27,47,1
27,27,2
27,9,3
27,40,2
27,6,1
27,28,3
27,20,2
27,25,2
27,7,1
27,38,1
27,32,1
27,17,1
28,13,2
28,24,4
28,2,4
28,22,3
28,28,2
28,3,6
28,38,4
28,11,5
28,4,3
28,20,2
28,12,3
28,5,2
28,7,1
28,25,5
28,16,5
28,27,3
28,30,2
28,47,3
28,1,4
28,8,2
28,37,2
28,10,1
28,31,1
28,9,3
28,36,2
28,26,3
28,23,4
28,14,2
28,48,1
28,19,2
28,15,1
28,41,3
28,29,1
28,42,2
28,6,2
28,32,1
28,40,1
28,43,1
28,33,1
28,39,1
29,43,2
29,15,2
29,38,3
29,3,4
29,42,3
29,37,3
29,10,3
29,16,3
29,4,3
29,20,3
29,21,3
29,9,3
29,23,4
29,25,3
29,40,2
29,7,2
29,45,2
29,6,2
29,29,2
29,14,6
29,22,1
29,13,4
29,44,3
29,31,1
29,2,2
29,32,1
29,26,3
29,41,3
29,30,2
29,33,1
29,39,2
29,12,3
29,24,1
29,47,1
29,27,2
29,36,2
29,11,3
29,28,1
29,17,1
29,46,2
29,34,1
29,5,1
29,8,1
30,15,2
30,22,4
30,3,3
30,25,3
30,31,1
30,43,1
30,13,3
30,41,3
30,7,2
30,20,2
30,5,4
30,18,2
30,11,1
30,26,2
30,37,2
30,48,2
30,46,4
30,44,1
30,9,3
30,36,2
30,39,4
30,1,4
30,12,4
30,40,3
30,8,2
30,4,2
30,21,1
30,32,1
30,10,4
30,33,1
30,30,2
30,23,2
30,16,2
30,29,2
30,42,2
30,14,2
30,24,4
30,34,1
30,38,2
30,35,1
30,45,1
30,27,1
30,28,1
30,17,1
30,6,2
30,19,1
31,47,1
31,20,3
31,13,5
31,22,5
31,44,1
31,25,4
31,2,4
31,42,4
31,30,1
31,17,3
31,41,1
31,14,2
31,12,5
31,31,1
31,3,3
31,9,5
31,8,2
31,27,2
31,15,4
31,18,2
31,1,3
31,11,3
31,5,3
31,38,3
31,23,4
31,28,2
31,29,2
31,6,1
31,16,3
31,24,1
31,46,2
31,10,3
31,19,2
31,21,1
31,40,1
31,43,2
31,36,1
31,4,2
31,26,1
31,7,1
31,48,1
32,23,4
32,36,2
32,29,2
32,1,5
32,8,1
32,2,4
32,47,3
32,3,5
32,22,3
32,4,1
32,10,4
32,43,3
32,27,2
32,13,2
32,28,2
32,26,5
32,20,4
32,37,2
32,25,5
32,24,3
32,16,3
32,12,2
32,15,3
32,9,2
32,14,3
32,11,3
32,6,2
32,7,1
32,21,2
32,42,2
32,44,2
32,5,2
32,41,2
32,31,1
32,39,2
32,17,1
32,40,2
32,30,1
32,19,1
32,45,1
33,23,6
33,45,1
33,42,3
33,41,3
33,39,1
33,4,4
33,21,3
33,8,2
33,5,1
33,25,3
33,7,1
33,13,4
33,10,3
33,12,3
33,47,3
33,9,3
33,26,4
33,2,4
33,22,3
33,40,2
33,19,2
33,16,3
33,31,1
33,11,2
33,20,2
33,38,1
33,29,2
33,28,3
33,14,2
33,36,3
33,15,2
33,17,1
33,43,1
33,30,1
33,3,3
33,48,2
33,18,1
33,37,1
33,44,2
33,6,3
33,32,1
33,33,1
33,46,1
33,1,1
33,24,1
34,14,3
34,28,3
34,8,4
34,5,4
34,41,4
34,47,2
34,9,3
34,6,2
34,2,4
34,13,4
34,24,2
34,11,3
34,38,2
34,10,4
34,15,5
34,21,3
34,43,2
34,48,2
34,30,2
34,23,3
34,7,2
34,31,1
34,18,1
34,17,2
34,25,3
34,37,3
34,26,4
34,20,3
34,12,3
34,1,1
34,22,3
34,19,1
34,29,2
34,32,1
34,3,1
34,40,2
34,33,1
34,4,2
34,27,1
34,16,1
34,36,1
35,46,3
35,20,3
35,13,4
35,10,3
35,16,7
35,21,3
35,14,5
35,40,2
35,31,1
35,2,2
35,29,1
35,38,3
35,25,3
35,26,3
35,5,3
35,7,3
35,44,2
35,15,3
35,36,2
35,8,2
35,3,3
35,27,1
35,4,4
35,17,1
35,42,1
35,1,3
35,11,2
35,41,2
35,12,1
35,32,1
35,24,1
35,43,2
35,23,3
35,22,2
35,33,1
35,30,1
35,9,1
35,39,1
35,19,1
35,48,1
35,6,3
35,45,1
35,34,1
35,28,1
35,47,1
35,35,1
35,18,1
36,37,2
36,48,1
36,23,5
36,39,2
36,36,2
36,47,2
36,41,5
36,3,4
36,25,2
36,31,1
36,45,2
36,16,4
36,22,3
36,43,2
36,14,3
36,27,2
36,4,3
36,8,4
36,46,1
36,21,3
36,5,4
36,12,3
36,9,2
36,10,4
36,2,3
36,38,2
36,15,3
36,26,4
36,42,1
36,20,2
36,40,2
36,11,4
36,32,1
36,33,1
36,13,2
36,18,1
36,34,1
36,1,1
36,29,1
36,6,1
36,30,1
36,28,1
36,17,1
36,24,1
37,30,3
37,31,1
37,2,2
37,8,2
37,9,3
37,43,2
37,28,2
37,26,6
37,25,4
37,5,5
37,1,3
37,11,4
37,38,2
37,13,3
37,3,2
37,47,2
37,4,4
37,20,2
37,17,2
37,42,1
37,16,5
37,19,1
37,39,2
37,24,3
37,10,2
37,32,1
37,33,1
37,29,1
37,45,2
37,15,3
37,36,2
37,22,3
37,18,1
37,34,1
37,40,3
37,41,1
37,27,1
37,12,3
37,21,2
37,35,1
37,37,1
37,23,2
37,14,1
37,7,1
37,46,1
38,1,5
38,46,2
38,22,3
38,15,4
38,13,4
38,23,3
38,25,4
38,39,1
38,12,1
38,26,5
38,4,3
38,31,1
38,9,3
38,45,3
38,27,1
38,11,4
38,6,5
38,3,3
38,14,4
38,19,1
38,41,4
38,2,2
38,28,3
38,10,3
38,32,1
38,33,1
38,34,1
38,37,1
38,29,2
38,16,4
38,20,2
38,17,2
38,44,2
38,38,3
38,24,2
38,18,1
38,36,1
38,42,1
38,5,1
38,48,1
38,21,1
38,35,1
39,31,1
39,14,6
39,20,4
39,8,4
39,47,2
39,30,2
39,5,2
39,13,3
39,22,4
39,27,1
39,45,1
39,41,5
39,11,5
39,10,5
39,4,3
39,38,3
39,37,2
39,25,2
39,1,4
39,23,2
39,2,2
39,26,3
39,44,3
39,18,2
39,28,2
39,46,3
39,12,3
39,24,2
39,29,1
39,43,1
39,7,2
39,42,2
39,39,1
39,21,2
39,6,2
39,9,2
39,3,2
39,17,1
39,40,1
39,16,1
39,32,1
40,25,4
40,23,5
40,9,3
40,1,3
40,31,1
40,15,3
40,2,4
40,20,3
40,10,5
40,13,3
40,46,4
40,36,3
40,43,1
40,4,6
40,22,3
40,27,3
40,7,3
40,14,3
40,41,2
40,24,2
40,21,1
40,40,3
40,11,2
40,3,2
40,18,2
40,12,1
40,44,2
40,42,3
40,16,4
40,32,1
40,33,1
40,19,2
40,6,1
40,26,2
40,5,1
40,48,1
40,38,2
40,45,2
40,34,1
40,35,1
40,8,1
41,4,3
41,3,5
41,2,3
41,1,3
41,31,1
41,11,5
41,12,6
41,24,2
41,20,3
41,7,1
41,47,1
41,9,2
41,22,4
41,13,5
41,44,2
41,10,3
41,16,3
41,45,2
41,18,1
41,15,4
41,23,4
41,42,2
41,8,1
41,32,1
41,33,1
41,37,3
41,41,4
41,29,2
41,25,4
41,36,2
41,40,1
41,14,1
41,17,2
41,34,1
41,27,1
41,28,1
41,5,1
41,46,1
41,39,1
41,38,2
41,43,2
41,35,1
41,48,1
41,26,1
42,10,6
42,7,3
42,21,2
42,16,6
42,31,1
42,43,1
42,36,2
42,24,3
42,1,4
42,3,4
42,25,2
42,13,2
42,20,4
42,12,5
42,9,3
42,11,2
42,14,3
42,23,3
42,2,4
42,4,3
42,32,1
42,22,3
42,40,2
42,42,1
42,6,1
42,29,2
42,41,2
42,47,2
42,44,2
42,39,2
42,33,1
42,18,2
42,34,1
42,15,2
42,5,1
42,35,1
42,27,3
42,46,2
42,37,1
42,8,1
42,45,1
42,28,1
42,17,1
42,30,1
43,6,3
43,23,2
43,47,3
43,31,1
43,13,4
43,16,6
43,11,5
43,9,3
43,48,1
43,1,3
43,2,4
43,3,4
43,18,2
43,25,3
43,38,3
43,22,2
43,30,3
43,8,1
43,41,3
43,5,3
43,15,2
43,20,3
43,46,3
43,14,3
43,44,3
43,32,1
43,39,2
43,21,2
43,45,2
43,12,2
43,36,2
43,29,2
43,10,3
43,33,1
43,34,1
43,24,2
43,4,2
43,19,1
43,35,1
43,42,1
43,40,1
43,43,1
44,13,2
44,4,3
44,16,5
44,18,3
44,9,4
44,25,4
44,14,6
44,2,2
44,28,3
44,41,4
44,17,2
44,3,3
44,7,2
44,44,3
44,24,2
44,31,1
44,22,2
44,20,3
44,6,3
44,26,3
44,5,3
44,11,6
44,8,1
44,39,2
44,10,3
44,19,2
44,27,3
44,32,1
44,12,2
44,1,2
44,15,2
44,43,1
44,46,1
44,38,2
44,23,1
44,37,1
44,29,1
44,21,1
44,47,1
44,40,1
44,30,1
44,33,1
44,36,1
45,25,2
45,26,4
45,31,1
45,15,4
45,8,3
45,13,3
45,14,4
45,39,2
45,3,5
45,23,5
45,10,5
45,45,2
45,12,6
45,41,5
45,27,2
45,47,2
45,46,3
45,44,4
45,37,3
45,38,2
45,22,2
45,20,3
45,11,2
45,29,1
45,36,1
45,5,2
45,40,1
45,18,1
45,43,3
45,24,3
45,21,1
45,1,2
45,42,2
45,17,1
45,4,2
45,9,2
45,6,1
45,19,1
45,2,1
45,16,1
46,19,1
46,24,2
46,14,4
46,11,6
46,23,1
46,6,3
46,46,4
46,26,4
46,21,3
46,3,2
46,4,4
46,9,4
46,31,1
46,25,4
46,22,5
46,41,3
46,12,3
46,39,2
46,43,3
46,36,2
46,2,2
46,5,4
46,10,4
46,16,2
46,15,2
46,42,3
46,27,1
46,20,2
46,37,1
46,28,2
46,29,1
46,32,1
46,44,1
46,38,1
46,33,1
46,18,2
46,13,2
46,17,1
46,48,1
46,1,2
46,8,1
46,30,1
46,45,1
47,17,2
47,11,7
47,20,4
47,28,3
47,4,4
47,10,6
47,3,4
47,1,5
47,2,3
47,8,2
47,41,2
47,44,1
47,31,1
47,43,2
47,5,3
47,37,2
47,22,4
47,25,3
47,12,4
47,13,3
47,9,2
47,40,1
47,29,2
47,39,3
47,46,3
47,15,3
47,19,1
47,47,1
47,16,3
47,14,2
47,45,2
47,32,1
47,33,1
47,34,1
47,38,1
47,7,2
47,36,1
47,26,2
47,6,1
47,42,1
47,23,1
48,7,3
48,4,5
48,37,1
48,47,1
48,26,3
48,19,2
48,29,2
48,22,4
48,40,2
48,12,1
48,15,4
48,20,3
48,3,3
48,41,3
48,31,1
48,21,3
48,36,3
48,9,4
48,45,2
48,46,1
48,10,3
48,14,4
48,5,2
48,17,3
48,25,4
48,2,4
48,44,1
48,16,2
48,8,2
48,1,2
48,23,2
48,11,3
48,38,1
48,43,2
48,42,3
48,6,1
48,13,1
48,24,2
48,39,1
48,48,2
48,30,1
48,28,2
48,27,1
49,45,4
49,11,4
49,10,4
49,27,3
49,16,5
49,8,1
49,13,3
49,14,3
49,31,1
49,1,4
49,5,5
49,43,1
49,40,2
49,38,2
49,23,2
49,42,2
49,39,1
49,22,3
49,12,3
49,29,2
49,6,3
49,2,3
49,15,4
49,47,2
49,20,4
49,36,3
49,3,4
49,9,3
49,30,1
49,25,1
49,21,1
49,7,1
49,26,2
49,41,2
49,4,2
49,46,1
49,44,1
49,28,1
49,32,1
49,33,1
49,37,1
49,18,1
49,34,1
49,35,1
50,13,4
50,39,2
50,20,4
50,2,4
50,24,1
50,12,4
50,3,2
50,38,1
50,22,3
50,41,6
50,16,5
50,31,1
50,29,5
50,6,3
50,26,4
50,36,2
50,40,2
50,4,3
50,19,1
50,15,4
50,5,3
50,11,3
50,14,3
50,44,2
50,9,4
50,48,1
50,42,1
50,23,2
50,32,1
50,33,1
50,10,3
50,27,2
50,47,2
50,21,1
50,37,1
50,25,2
50,45,1
50,7,2
50,34,1
50,43,1
50,8,1
50,35,1
51,23,3
51,27,5
51,1,3
51,7,4
51,20,4
51,31,1
51,12,4
51,41,4
51,25,3
51,3,5
51,4,2
51,13,3
51,48,1
51,44,2
51,36,1
51,43,3
51,9,3
51,5,1
51,14,2
51,22,4
51,15,4
51,26,2
51,42,2
51,17,1
51,16,3
51,29,3
51,45,2
51,28,4
51,38,2
51,24,1
51,6,1
51,32,1
51,37,1
51,10,2
51,2,3
51,33,1
51,46,1
51,47,1
51,11,2
51,19,1
51,21,1
51,40,1
51,34,1
51,30,1
52,5,4
52,30,2
52,39,3
52,12,4
52,16,3
52,4,2
52,1,5
52,22,4
52,17,2
52,13,5
52,31,1
52,2,2
52,32,1
52,33,1
52,27,3
52,28,1
52,41,3
52,26,3
52,25,4
52,11,4
52,6,3
52,3,3
52,37,3
52,20,2
52,8,2
52,45,2
52,23,3
52,29,1
52,14,2
52,36,1
52,46,4
52,7,2
52,43,2
52,42,1
52,40,1
52,34,1
52,24,1
52,9,2
52,18,1
52,47,2
52,19,1
52,48,1
52,35,1
52,10,1
53,39,3
53,31,1
53,32,1
53,5,4
53,36,3
53,23,3
53,47,4
53,33,1
53,29,1
53,14,4
53,9,2
53,12,4
53,3,4
53,44,2
53,46,3
53,15,3
53,22,3
53,6,3
53,16,1
53,41,2
53,34,1
53,48,3
53,20,2
53,4,4
53,42,3
53,13,3
53,35,1
53,45,1
53,24,3
53,28,2
53,25,2
53,19,1
53,17,2
53,40,2
53,1,3
53,37,1
53,2,3
53,11,3
53,10,2
53,38,2
53,26,1
53,43,1
53,27,1
53,21,1
54,26,1
54,4,3
54,3,4
54,41,3
54,45,3
54,20,3
54,1,4
54,25,3
54,22,1
54,10,4
54,21,3
54,29,3
54,36,2
54,28,2
54,13,3
54,43,3
54,37,2
54,15,3
54,14,4
54,46,6
54,30,2
54,31,1
54,17,2
54,2,2
54,32,1
54,16,2
54,7,1
54,8,1
54,9,2
54,11,3
54,39,2
54,33,1
54,42,2
54,40,2
54,27,1
54,12,3
54,5,2
54,18,1
54,34,1
54,6,3
54,35,1
54,44,1
54,38,1
54,19,1
54,24,1
55,2,3
55,20,3
55,18,2
55,19,2
55,43,2
55,28,2
55,25,4
55,17,4
55,7,3
55,21,1
55,29,2
55,13,4
55,31,1
55,4,4
55,1,3
55,11,4
55,15,4
55,22,4
55,8,3
55,26,4
55,24,2
55,36,2
55,46,2
55,42,1
55,9,3
55,37,2
55,5,3
55,10,3
55,16,1
55,12,3
55,39,1
55,3,2
55,44,3
55,27,2
55,23,2
55,14,2
55,47,1
55,6,1
55,32,1
55,40,2
55,48,1
55,33,1
56,31,1
56,8,2
56,45,2
56,1,2
56,5,6
56,10,4
56,25,4
56,12,4
56,2,3
56,37,3
56,16,5
56,46,2
56,7,3
56,24,5
56,21,1
56,36,2
56,17,1
56,9,3
56,43,2
56,29,1
56,42,3
56,22,1
56,44,2
56,19,2
56,11,3
56,13,3
56,41,2
56,26,2
56,39,2
56,40,3
56,18,1
56,23,2
56,4,4
56,32,1
56,47,1
56,33,1
56,20,2
56,48,1
56,3,2
56,14,2
56,38,1
56,28,1
56,6,1
56,15,1
57,16,5
57,12,5
57,5,3
57,31,1
57,42,2
57,1,3
57,14,5
57,8,4
57,45,4
57,13,3
57,48,1
57,22,2
57,2,4
57,26,3
57,38,3
57,4,1
57,11,4
57,3,5
57,20,4
57,44,2
57,15,4
57,40,2
57,21,2
57,23,3
57,7,2
57,19,1
57,41,3
57,10,1
57,27,3
57,25,2
57,39,2
57,37,1
57,47,1
57,9,2
57,29,2
57,32,1
57,33,1
57,34,1
57,17,1
57,46,1
58,25,5
58,43,1
58,11,5
58,4,4
58,23,3
58,41,3
58,6,2
58,2,2
58,37,2
58,22,5
58,45,3
58,5,3
58,38,3
58,16,4
58,20,3
58,19,2
58,46,2
58,44,3
58,12,4
58,31,1
58,24,4
58,3,3
58,10,4
58,29,1
58,26,2
58,13,3
58,7,3
58,14,4
58,48,1
58,9,3
58,15,3
58,21,2
58,1,1
58,42,1
58,36,1
58,28,1
58,47,1
58,8,1
58,27,1
59,31,1
59,6,4
59,13,2
59,44,2
59,38,3
59,3,3
59,14,2
59,25,3
59,10,6
59,46,2
59,26,4
59,40,2
59,7,3
59,23,5
59,43,3
59,2,4
59,28,2
59,37,2
59,22,2
59,36,1
59,5,3
59,32,1
59,33,1
59,15,5
59,11,2
59,42,2
59,9,3
59,27,3
59,8,1
59,41,4
59,47,1
59,24,2
59,16,3
59,1,2
59,12,1
59,20,1
59,39,1
59,4,3
59,30,1
59,29,1
59,19,1
59,21,1
59,34,1
60,26,4
60,40,1
60,9,4
60,16,4
60,10,3
60,42,3
60,2,4
60,14,5
60,31,1
60,1,2
60,6,1
60,37,1
60,41,4
60,22,3
60,15,5
60,23,4
60,3,4
60,25,3
60,12,4
60,8,2
60,5,2
60,28,3
60,32,1
60,13,3
60,30,1
60,33,1
60,39,4
60,19,2
60,4,2
60,20,3
60,17,1
60,48,2
60,11,1
60,43,1
60,27,2
60,44,1
60,45,2
60,47,1
60,36,2
60,34,1
60,29,1
60,21,1
61,45,3
61,5,2
61,23,3
61,2,3
61,10,4
61,9,3
61,16,5
61,37,3
61,3,4
61,25,4
61,1,5
61,30,2
61,46,3
61,38,3
61,31,1
61,24,2
61,14,1
61,29,3
61,4,3
61,12,4
61,22,3
61,11,2
61,27,2
61,6,2
61,13,2
61,41,2
61,28,2
61,43,1
61,15,3
61,26,3
61,42,2
61,20,2
61,18,1
61,19,1
61,7,3
61,21,1
61,48,1
61,44,1
61,47,1
61,40,1
61,17,1
61,36,1
61,39,1
62,4,4
62,31,1
62,32,1
62,10,5
62,33,1
62,39,4
62,34,1
62,37,1
62,41,3
62,12,2
62,11,3
62,25,5
62,16,5
62,20,3
62,26,4
62,7,2
62,38,2
62,15,3
62,47,2
62,23,3
62,22,3
62,13,4
62,24,3
62,17,3
62,5,2
62,3,2
62,2,3
62,45,1
62,14,2
62,8,1
62,35,1
62,48,1
62,6,2
62,9,3
62,19,1
62,29,1
62,43,1
62,28,1
62,1,3
62,21,3
62,40,2
62,44,1
62,27,1
63,22,4
63,40,4
63,5,4
63,9,3
63,11,3
63,42,2
63,12,2
63,39,1
63,29,3
63,8,4
63,7,1
63,19,1
63,2,5
63,18,1
63,1,3
63,15,3
63,20,3
63,21,1
63,38,3
63,26,5
63,10,3
63,45,3
63,6,4
63,31,1
63,43,2
63,47,2
63,44,2
63,32,1
63,48,2
63,46,3
63,23,1
63,14,2
63,4,2
63,33,1
63,3,3
63,27,1
63,37,2
63,41,1
63,13,1
63,28,1
63,36,1
63,30,1
63,25,2
63,16,1
63,34,1
64,48,3
64,31,1
64,26,3
64,2,4
64,41,3
64,23,3
64,16,5
64,20,2
64,37,2
64,12,2
64,10,5
64,28,3
64,45,4
64,8,2
64,25,1
64,15,2
64,1,3
64,18,2
64,7,2
64,24,2
64,32,1
64,5,4
64,33,1
64,47,3
64,39,2
64,27,3
64,22,2
64,3,2
64,13,2
64,21,1
64,9,1
64,38,3
64,14,4
64,11,3
64,6,2
64,29,2
64,36,1
64,42,1
64,34,1
64,46,1
64,17,1
64,4,1
64,43,2
64,35,1
64,44,1
65,31,1
65,6,2
65,16,6
65,13,3
65,27,2
65,43,2
65,20,3
65,14,5
65,41,3
65,32,1
65,44,3
65,17,2
65,33,1
65,38,1
65,21,4
65,36,2
65,7,2
65,46,2
65,11,4
65,2,3
65,24,2
65,9,2
65,25,2
65,29,2
65,4,4
65,15,3
65,12,3
65,34,1
65,19,1
65,45,1
65,26,4
65,35,1
65,47,1
65,28,2
65,37,2
65,10,2
65,40,2
65,1,2
65,42,1
65,18,1
65,3,1
65,48,1
65,23,2
65,22,2
65,39,1
65,5,1
65,8,1
66,1,4
66,47,3
66,15,4
66,44,1
66,13,3
66,45,2
66,23,4
66,11,3
66,25,2
66,39,2
66,24,2
66,6,3
66,30,3
66,9,3
66,4,3
66,37,1
66,48,1
66,41,5
66,22,3
66,27,3
66,38,2
66,31,1
66,36,1
66,16,4
66,5,2
66,12,2
66,46,2
66,14,2
66,21,1
66,3,2
66,26,3
66,8,3
66,20,2
66,7,3
66,18,1
66,2,3
66,42,2
66,17,1
66,43,2
66,28,1
66,32,1
66,33,1
66,34,1
66,35,1
66,10,1
67,13,5
67,16,3
67,10,2
67,29,3
67,5,5
67,25,4
67,11,5
67,14,3
67,17,3
67,26,2
67,2,3
67,1,3
67,3,3
67,31,1
67,41,3
67,12,2
67,23,3
67,44,2
67,6,2
67,27,2
67,38,2
67,30,3
67,40,2
67,7,2
67,32,1
67,15,2
67,20,1
67,37,3
67,21,2
67,45,2
67,48,1
67,4,2
67,42,2
67,8,2
67,46,1
67,22,2
67,33,1
67,43,2
67,34,1
67,36,2
67,9,1
67,18,1
67,39,1
67,28,1
67,47,1
68,41,1
68,43,2
68,25,4
68,31,1
68,26,3
68,39,3
68,2,4
68,22,4
68,14,5
68,20,3
68,5,6
68,4,3
68,12,3
68,21,3
68,38,1
68,19,1
68,15,5
68,6,2
68,17,2
68,42,1
68,18,2
68,45,2
68,13,2
68,27,1
68,10,3
68,36,1
68,7,2
68,1,3
68,16,4
68,40,2
68,32,1
68,47,1
68,33,1
68,9,1
68,3,2
68,23,2
68,11,2
68,46,1
68,37,1
68,8,2
68,34,1
68,24,3
68,29,1
68,35,1
68,28,1
69,42,2
69,40,2
69,10,2
69,11,4
69,23,4
69,16,6
69,20,3
69,31,1
69,3,4
69,13,3
69,9,3
69,22,2
69,2,4
69,32,1
69,14,5
69,30,2
69,29,2
69,33,1
69,44,3
69,26,4
69,25,2
69,21,1
69,4,2
69,28,2
69,5,3
69,41,5
69,34,1
69,27,2
69,6,1
69,46,1
69,12,2
69,48,1
69,7,2
69,8,1
69,36,1
69,37,2
69,47,2
69,39,2
69,35,1
69,24,2
69,18,2
69,43,1
69,17,1
69,45,1
69,15,1
70,18,2
70,25,4
70,14,5
70,23,4
70,31,1
70,7,3
70,11,4
70,21,3
70,10,5
70,15,3
70,12,3
70,45,1
70,28,2
70,38,2
70,40,1
70,16,3
70,20,3
70,9,4
70,43,2
70,32,1
70,41,4
70,5,4
70,33,1
70,34,1
70,26,2
70,37,2
70,13,4
70,44,3
70,39,2
70,1,2
70,36,2
70,30,1
70,29,1
70,35,1
70,17,1
70,24,2
70,3,2
70,2,2
70,48,1
70,4,1
70,27,1
70,42,1
70,22,1
70,19,1
70,46,1
71,27,4
71,9,3
71,37,2
71,6,2
71,13,4
71,40,3
71,10,3
71,31,1
71,18,2
71,43,3
71,44,2
71,4,4
71,22,2
71,28,1
71,2,3
71,21,1
71,36,3
71,15,3
71,12,4
71,38,2
71,45,2
71,5,3
71,24,3
71,23,4
71,25,3
71,8,2
71,1,3
71,26,3
71,16,4
71,11,3
71,3,3
71,41,4
71,20,1
71,32,1
71,17,1
71,33,1
71,14,2
71,46,1
71,42,1
71,39,1
71,19,1
71,30,1
72,16,4
72,22,4
72,6,1
72,8,2
72,7,2
72,43,2
72,42,3
72,12,5
72,27,2
72,5,2
72,10,3
72,31,1
72,26,3
72,29,2
72,28,3
72,11,4
72,2,2
72,21,3
72,9,3
72,48,1
72,37,1
72,14,4
72,36,3
72,44,1
72,17,2
72,32,1
72,23,2
72,25,4
72,4,1
72,39,3
72,20,3
72,3,1
72,15,4
72,40,2
72,13,2
72,30,1
72,33,1
72,45,1
72,18,2
72,41,2
72,1,2
72,24,1
72,47,1
72,34,1
72,46,1
72,38,1
73,13,5
73,14,3
73,2,4
73,11,6
73,31,1
73,9,2
73,37,2
73,1,4
73,17,2
73,42,2
73,26,3
73,36,4
73,43,2
73,39,2
73,21,5
73,20,2
73,7,3
73,24,3
73,46,4
73,25,1
73,41,4
73,45,3
73,5,3
73,27,2
73,12,5
73,28,2
73,22,3
73,38,2
73,4,2
73,48,1
73,47,1
73,3,2
73,10,2
73,40,1
73,16,2
73,44,1
73,6,1
73,23,2
73,15,1
74,31,1
74,13,3
74,45,2
74,43,2
74,15,4
74,23,2
74,25,4
74,42,2
74,22,2
74,14,5
74,1,2
74,46,3
74,4,3
74,36,1
74,48,2
74,28,3
74,38,3
74,2,3
74,24,4
74,20,3
74,21,3
74,16,3
74,11,2
74,6,4
74,5,3
74,41,4
74,26,1
74,12,4
74,17,1
74,29,1
74,27,2
74,10,4
74,8,3
74,37,1
74,19,1
74,7,2
74,40,1
74,3,2
74,47,1
74,9,1
74,32,1
74,33,1
75,1,4
75,45,3
75,46,4
75,18,2
75,7,3
75,23,3
75,22,4
75,29,3
75,41,2
75,6,3
75,2,4
75,17,1
75,48,1
75,14,2
75,26,4
75,42,2
75,9,4
75,24,3
75,10,3
75,31,1
75,4,2
75,25,4
75,16,3
75,11,1
75,13,3
75,8,2
75,36,1
75,20,2
75,39,1
75,5,4
75,27,2
75,21,2
75,40,2
75,12,4
75,3,1
75,32,1
75,44,2
75,33,1
75,28,1
75,34,1
75,15,1
75,35,1
75,19,1
75,30,1
76,27,1
76,4,5
76,1,5
76,21,3
76,41,3
76,46,3
76,48,2
76,40,3
76,9,3
76,37,1
76,7,2
76,25,5
76,44,2
76,3,2
76,2,3
76,10,4
76,24,2
76,15,4
76,20,2
76,26,3
76,45,2
76,14,4
76,23,3
76,22,2
76,12,2
76,11,3
76,31,1
76,36,2
76,32,1
76,19,1
76,39,2
76,13,1
76,5,2
76,6,2
76,30,1
76,28,1
76,16,3
76,29,1
76,33,1
76,47,2
76,34,1
76,43,1
76,17,1
76,35,1
76,8,1
77,15,4
77,13,3
77,12,7
77,22,2
77,30,1
77,31,1
77,32,1
77,41,3
77,19,2
77,24,3
77,25,2
77,3,4
77,44,2
77,5,5
77,16,4
77,7,3
77,18,2
77,10,2
77,8,3
77,11,4
77,43,3
77,42,1
77,28,2
77,47,1
77,1,4
77,2,2
77,33,1
77,14,3
77,9,2
77,4,3
77,38,1
77,36,1
77,23,4
77,40,1
77,26,4
77,34,1
77,35,1
77,45,1
77,17,1
77,21,2
77,39,1
77,6,1
77,20,1
78,4,3
78,40,2
78,16,4
78,13,4
78,41,4
78,5,4
78,43,4
78,29,2
78,31,1
78,20,4
78,15,3
78,22,1
78,11,2
78,9,3
78,14,3
78,3,5
78,25,4
78,21,3
78,27,1
78,26,3
78,23,3
78,2,3
78,8,1
78,19,1
78,39,3
78,48,2
78,12,3
78,6,1
78,1,3
78,24,2
78,32,1
78,42,2
78,33,1
78,10,2
78,37,2
78,36,2
78,44,1
78,45,1
78,7,2
78,38,1
78,28,1
78,47,1
78,46,1
79,41,4
79,6,3
79,1,7
79,31,1
79,7,3
79,14,3
79,38,2
79,4,3
79,16,4
79,10,3
79,3,4
79,22,3
79,15,4
79,20,3
79,40,2
79,13,3
79,18,3
79,25,3
79,37,2
79,43,1
79,39,3
79,23,2
79,9,2
79,24,2
79,26,1
79,30,1
79,46,3
79,5,2
79,47,2
79,12,1
79,48,2
79,29,1
79,36,2
79,32,1
79,11,3
79,27,3
79,28,2
79,42,1
79,33,1
79,34,1
79,17,1
79,44,1
79,45,1
80,25,3
80,1,4
80,5,6
80,16,5
80,14,3
80,38,3
80,18,1
80,8,3
80,41,3
80,10,4
80,20,4
80,22,2
80,42,3
80,37,1
80,2,4
80,31,1
80,7,2
80,13,4
80,23,4
80,12,5
80,48,1
80,26,1
80,21,2
80,15,2
80,44,1
80,24,2
80,9,4
80,11,2
80,6,1
80,47,1
80,30,1
80,32,1
80,40,2
80,39,1
80,3,3
80,33,1
80,46,2
80,4,3
80,36,1
80,34,1
80,27,1
80,19,1
81,4,4
81,11,3
81,9,5
81,14,3
81,40,2
81,23,3
81,13,3
81,15,3
81,39,2
81,22,4
81,12,3
81,38,1
81,26,3
81,36,2
81,5,5
81,45,2
81,20,3
81,47,2
81,3,3
81,1,3
81,31,1
81,25,3
81,41,4
81,16,4
81,24,3
81,46,2
81,2,3
81,8,2
81,42,1
81,48,2
81,27,1
81,18,2
81,10,2
81,32,1
81,19,1
81,44,1
81,33,1
81,30,1
81,17,1
81,34,1
81,29,1
81,43,1
81,7,1
81,28,1
82,8,3
82,13,3
82,24,2
82,25,4
82,7,3
82,5,3
82,48,3
82,44,4
82,40,1
82,4,4
82,37,1
82,10,2
82,20,4
82,17,1
82,1,4
82,27,3
82,22,4
82,31,1
82,42,2
82,28,4
82,23,3
82,46,1
82,14,2
82,26,5
82,15,4
82,36,3
82,3,3
82,9,3
82,6,2
82,43,2
82,21,2
82,41,2
82,2,2
82,32,1
82,39,1
82,33,1
82,12,2
82,34,1
82,16,1
82,30,1
82,11,1
82,18,1
83,13,4
83,31,1
83,41,3
83,2,2
83,14,5
83,27,2
83,21,3
83,42,1
83,9,4
83,22,3
83,11,5
83,25,3
83,3,4
83,26,3
83,46,2
83,4,4
83,24,1
83,36,2
83,44,2
83,15,3
83,23,3
83,20,4
83,32,1
83,33,1
83,16,4
83,45,2
83,38,2
83,43,2
83,6,2
83,7,2
83,5,3
83,40,1
83,1,2
83,47,1
83,28,1
83,37,2
83,8,2
83,17,1
83,30,1
83,39,2
83,12,2
83,18,1
83,34,1
84,41,4
84,36,2
84,15,6
84,46,4
84,11,4
84,12,6
84,16,4
84,7,3
84,3,4
84,30,1
84,40,1
84,2,2
84,44,4
84,26,3
84,14,3
84,20,2
84,18,3
84,43,3
84,39,3
84,42,2
84,9,3
84,31,1
84,1,2
84,23,2
84,19,2
84,10,3
84,22,3
84,25,2
84,6,1
84,48,1
84,47,1
84,17,1
84,24,3
84,5,1
84,4,1
84,37,2
84,27,2
84,32,1
84,33,1
84,28,1
84,38,1
84,34,1
85,27,3
85,25,4
85,3,4
85,4,2
85,26,3
85,31,1
85,11,5
85,16,3
85,38,2
85,9,5
85,2,4
85,13,4
85,21,2
85,46,3
85,15,4
85,36,3
85,12,2
85,48,1
85,19,1
85,30,2
85,20,4
85,14,2
85,23,3
85,1,3
85,39,2
85,41,2
85,5,2
85,10,3
85,32,1
85,22,2
85,47,1
85,42,1
85,8,4
85,43,1
85,37,2
85,44,1
85,6,2
85,29,1
85,7,2
85,33,1
85,18,1
85,17,1
86,6,2
86,29,1
86,2,2
86,4,1
86,10,5
86,31,1
86,8,4
86,11,4
86,16,4
86,24,2
86,26,4
86,3,5
86,7,3
86,23,4
86,20,4
86,37,2
86,39,2
86,15,3
86,44,2
86,27,2
86,22,4
86,13,4
86,9,4
86,41,3
86,1,3
86,21,3
86,40,2
86,28,1
86,45,3
86,25,2
86,46,1
86,5,1
86,12,1
86,42,1
86,47,1
86,38,2
86,14,2
86,18,1
86,19,1
86,43,1
86,48,1
86,32,1
87,8,3
87,31,1
87,41,5
87,14,4
87,5,4
87,29,2
87,25,5
87,3,3
87,46,2
87,11,3
87,16,3
87,26,4
87,22,3
87,23,4
87,37,2
87,2,3
87,15,2
87,13,3
87,28,1
87,9,3
87,19,2
87,44,2
87,39,2
87,6,2
87,1,4
87,40,2
87,12,3
87,7,2
87,32,1
87,36,2
87,47,1
87,4,3
87,10,3
87,21,1
87,48,1
87,30,1
87,33,1
87,42,1
87,24,2
87,43,1
87,38,1
87,18,1
87,20,1
88,20,3
88,41,5
88,23,2
88,10,4
88,9,3
88,6,3
88,11,3
88,4,3
88,47,1
88,48,1
88,3,3
88,5,3
88,12,4
88,39,3
88,16,5
88,31,1
88,26,4
88,22,3
88,40,2
88,38,3
88,13,3
88,45,3
88,15,3
88,8,2
88,46,2
88,24,4
88,25,5
88,32,1
88,19,2
88,1,2
88,7,2
88,14,2
88,2,3
88,36,1
88,28,2
88,44,1
88,33,1
88,18,1
88,29,1
89,31,1
89,22,2
89,16,4
89,2,4
89,5,3
89,15,2
89,12,2
89,9,2
89,14,4
89,6,3
89,21,2
89,26,5
89,3,3
89,32,1
89,13,4
89,23,2
89,46,3
89,48,2
89,43,2
89,1,2
89,37,3
89,29,3
89,36,3
89,33,1
89,18,1
89,41,5
89,25,3
89,27,3
89,17,2
89,40,2
89,8,2
89,28,1
89,45,2
89,20,3
89,11,3
89,47,1
89,4,1
89,42,2
89,10,3
89,44,1
89,30,1
89,7,1
90,14,4
90,15,3
90,11,5
90,25,4
90,22,3
90,19,1
90,13,4
90,16,3
90,18,1
90,3,2
90,23,2
90,20,3
90,41,5
90,39,3
90,12,2
90,17,1
90,2,4
90,8,2
90,30,1
90,10,5
90,1,3
90,27,2
90,9,2
90,28,4
90,5,2
90,4,2
90,40,1
90,42,1
90,31,1
90,21,3
90,36,1
90,7,4
90,45,2
90,43,2
90,47,1
90,38,2
90,26,2
90,37,1
90,6,2
90,24,1
90,44,1
90,46,1
90,48,1
91,37,3
91,25,3
91,3,4
91,28,3
91,16,5
91,46,3
91,5,2
91,45,3
91,41,3
91,42,3
91,12,5
91,26,3
91,48,2
91,29,3
91,9,4
91,31,1
91,6,2
91,15,4
91,1,2
91,21,2
91,44,2
91,22,2
91,39,2
91,2,1
91,10,2
91,23,3
91,8,3
91,30,1
91,20,2
91,13,3
91,4,3
91,40,2
91,17,1
91,27,2
91,47,1
91,14,2
91,18,2
91,43,1
91,24,3
91,36,1
91,19,1
92,1,3
92,21,4
92,4,3
92,3,4
92,6,1
92,38,2
92,31,1
92,14,4
92,15,3
92,11,5
92,16,4
92,10,4
92,23,3
92,40,2
92,22,2
92,9,4
92,29,1
92,48,2
92,41,4
92,12,3
92,20,4
92,5,3
92,45,2
92,42,2
92,32,1
92,37,2
92,44,2
92,26,2
92,2,2
92,13,2
92,25,2
92,19,1
92,18,1
92,33,1
92,17,1
92,28,2
92,7,2
92,46,1
92,8,1
92,36,2
92,34,1
92,24,1
92,35,1
92,27,1
92,39,1
93,7,2
93,48,2
93,19,3
93,23,4
93,11,4
93,44,2
93,10,4
93,47,2
93,14,4
93,20,2
93,27,4
93,31,1
93,15,4
93,22,3
93,13,1
93,21,3
93,4,2
93,46,2
93,25,1
93,12,5
93,28,3
93,42,1
93,41,4
93,8,1
93,6,2
93,30,2
93,26,2
93,45,2
93,9,2
93,36,2
93,3,1
93,5,2
93,39,1
93,40,3
93,1,2
93,16,3
93,43,1
93,32,1
93,33,1
93,2,2
93,34,1
93,18,1
93,35,1
93,38,2
93,37,1
93,24,1
94,31,1
94,15,5
94,16,4
94,20,3
94,3,3
94,36,3
94,14,5
94,25,3
94,2,3
94,12,3
94,44,2
94,9,3
94,41,3
94,18,3
94,13,1
94,19,2
94,1,3
94,21,3
94,45,2
94,23,2
94,32,1
94,33,1
94,28,2
94,40,2
94,5,2
94,34,1
94,26,3
94,42,3
94,4,2
94,30,1
94,24,2
94,29,1
94,27,2
94,46,1
94,10,2
94,17,1
94,43,2
94,11,2
94,22,2
94,8,3
94,6,1
94,38,2
94,35,1
94,48,1
94,39,1
94,7,1
95,16,4
95,15,3
95,21,3
95,14,4
95,11,2
95,22,3
95,9,4
95,31,1
95,39,4
95,2,3
95,10,5
95,18,2
95,27,2
95,41,2
95,13,4
95,47,1
95,45,2
95,19,2
95,25,2
95,44,2
95,17,2
95,26,3
95,40,3
95,37,3
95,12,3
95,8,2
95,20,2
95,4,3
95,23,3
95,3,1
95,24,2
95,5,3
95,6,3
95,1,2
95,42,1
95,38,1
95,30,1
95,48,1
95,32,1
95,28,1
95,29,1
95,33,1
95,34,1
95,36,1
96,15,6
96,31,1
96,3,4
96,38,1
96,5,6
96,22,3
96,13,4
96,41,5
96,43,2
96,20,4
96,4,5
96,40,3
96,2,4
96,6,1
96,47,1
96,24,2
96,18,1
96,25,3
96,12,2
96,45,1
96,21,3
96,10,3
96,23,2
96,16,2
96,7,2
96,37,1
96,39,2
96,26,3
96,8,1
96,14,3
96,46,1
96,1,2
96,19,1
96,9,1
96,32,1
96,33,1
96,34,1
96,28,2
96,35,1
96,27,2
96,42,1
96,11,2
96,30,1
96,36,1
96,48,1
97,9,3
97,10,4
97,7,2
97,3,3
97,4,3
97,38,2
97,18,1
97,20,4
97,27,1
97,19,1
97,39,1
97,2,2
97,13,5
97,22,2
97,1,5
97,41,4
97,25,2
97,46,3
97,31,1
97,37,2
97,26,3
97,11,4
97,21,3
97,5,5
97,6,5
97,43,2
97,36,2
97,23,3
97,15,2
97,28,2
97,12,3
97,24,1
97,44,2
97,48,2
97,14,2
97,16,2
97,42,1
97,29,1
97,32,1
97,45,1
97,47,1
97,33,1
98,16,5
98,31,1
98,45,2
98,41,6
98,12,4
98,26,3
98,36,2
98,5,4
98,32,1
98,33,1
98,42,2
98,39,3
98,1,4
98,22,3
98,14,1
98,13,2
98,6,2
98,8,2
98,37,3
98,15,4
98,3,3
98,4,3
98,10,4
98,9,3
98,34,1
98,29,1
98,40,2
98,38,1
98,44,2
98,2,3
98,18,2
98,35,1
98,20,1
98,25,3
98,17,2
98,43,2
98,28,1
98,47,2
98,11,2
98,30,1
98,46,1
98,19,1
98,27,1
98,23,1
98,24,1
99,5,4
99,21,3
99,14,3
99,48,3
99,31,1
99,28,2
99,45,2
99,32,1
99,23,3
99,4,3
99,9,3
99,11,4
99,22,3
99,17,2
99,44,1
99,10,2
99,15,4
99,41,4
99,30,1
99,33,1
99,2,1
99,8,2
99,26,3
99,3,4
99,20,3
99,42,2
99,24,3
99,27,1
99,25,2
99,1,3
99,46,3
99,47,2
99,13,3
99,36,2
99,12,2
99,34,1
99,16,3
99,38,1
99,35,1
99,6,1
99,37,2
99,39,2
99,40,1
99,19,1
99,18,1
