run,card_id,card_frequency
0,9,3
0,57,1
0,2,3
0,15,6
0,20,4
0,16,4
0,13,3
0,25,3
0,12,3
0,31,1
0,28,2
0,19,2
0,23,3
0,5,3
0,29,1
0,10,5
0,45,2
0,42,3
0,4,3
0,1,4
0,47,2
0,21,2
0,41,2
0,11,2
0,32,1
0,22,3
0,8,2
0,33,1
0,3,2
0,34,1
0,37,2
0,40,2
0,6,2
0,26,2
0,44,1
0,14,2
0,38,1
0,43,1
0,24,1
0,17,1
0,39,2
0,36,2
0,48,1
0,58,1
0,18,1
0,59,1
1,25,5
1,31,1
1,4,3
1,30,2
1,49,1
1,9,4
1,32,1
1,44,2
1,27,3
1,26,4
1,10,3
1,33,1
1,18,2
1,11,4
1,15,4
1,2,4
1,20,3
1,22,5
1,16,3
1,23,2
1,42,1
1,41,4
1,34,1
1,3,2
1,46,2
1,50,1
1,37,3
1,19,1
1,7,3
1,47,1
1,28,2
1,6,1
1,8,1
1,35,1
1,12,2
1,43,1
1,14,1
1,29,2
1,17,1
1,24,1
1,51,1
1,39,1
1,1,2
1,5,2
1,57,1
1,38,1
1,52,1
1,13,1
1,48,1
2,45,1
2,9,2
2,16,4
2,5,2
2,2,3
2,40,2
2,15,5
2,25,2
2,26,1
2,4,3
2,13,2
2,18,3
2,10,2
2,12,4
2,42,2
2,20,4
2,1,2
2,48,1
2,21,3
2,44,1
2,57,1
2,28,4
2,27,3
2,19,1
2,6,5
2,58,1
2,23,3
2,38,3
2,31,1
2,22,2
2,7,3
2,41,3
2,24,1
2,46,1
2,39,1
2,36,3
2,3,3
2,11,3
2,14,2
2,8,1
2,37,1
2,43,1
2,29,2
2,59,1
2,47,1
3,7,2
3,14,3
3,31,1
3,47,2
3,10,4
3,21,2
3,16,3
3,2,3
3,11,2
3,25,6
3,46,2
3,22,3
3,43,2
3,20,4
3,4,3
3,48,2
3,29,2
3,15,4
3,13,2
3,18,1
3,28,2
3,44,1
3,49,1
3,3,1
3,8,1
3,32,1
3,41,4
3,33,1
3,37,2
3,12,2
3,30,2
3,23,4
3,1,2
3,5,2
3,26,2
3,57,1
3,40,2
3,38,2
3,45,1
3,34,1
3,58,1
3,35,1
3,9,2
3,24,1
3,6,1
3,59,1
3,27,1
3,60,1
3,19,1
3,61,1
3,17,1
4,36,2
4,9,3
4,43,3
4,19,2
4,25,3
4,45,3
4,24,3
4,26,3
4,17,2
4,4,3
4,41,4
4,49,1
4,27,2
4,30,1
4,46,2
4,5,3
4,18,1
4,10,3
4,15,5
4,7,2
4,38,1
4,28,2
4,16,5
4,22,3
4,14,3
4,3,4
4,42,2
4,21,2
4,2,3
4,1,2
4,29,2
4,20,1
4,31,1
4,39,1
4,57,1
4,58,1
4,11,2
4,47,1
4,6,2
4,37,1
4,59,1
4,12,1
4,48,2
4,13,1
4,23,1
4,8,1
4,60,1
4,44,1
5,25,3
5,12,6
5,31,1
5,45,4
5,3,3
5,38,1
5,20,4
5,16,4
5,21,3
5,40,3
5,39,4
5,27,1
5,1,4
5,44,3
5,49,1
5,5,3
5,41,3
5,37,3
5,13,3
5,14,3
5,24,2
5,28,1
5,23,3
5,2,2
5,26,4
5,11,4
5,42,1
5,8,2
5,4,2
5,15,2
5,9,2
5,7,2
5,22,2
5,43,1
5,17,1
5,57,1
5,19,1
5,47,1
5,32,1
5,58,1
5,46,1
5,33,1
5,36,1
5,34,1
6,10,4
6,11,5
6,25,2
6,26,6
6,42,3
6,46,1
6,6,3
6,21,4
6,31,1
6,45,3
6,27,4
6,12,4
6,3,5
6,14,3
6,5,5
6,41,2
6,23,3
6,20,3
6,8,2
6,13,2
6,16,4
6,17,1
6,22,3
6,48,2
6,9,1
6,57,1
6,32,1
6,36,1
6,2,3
6,58,1
6,37,1
6,24,3
6,33,1
6,4,3
6,15,2
6,7,1
6,34,1
6,1,2
6,44,1
6,43,1
6,49,1
7,12,4
7,10,3
7,49,1
7,1,3
7,48,1
7,50,1
7,2,3
7,16,1
7,14,4
7,15,1
7,36,3
7,29,2
7,28,1
7,5,4
7,13,3
7,3,5
7,43,2
7,37,3
7,41,4
7,31,1
7,8,2
7,51,1
7,57,1
7,32,1
7,22,3
7,42,1
7,23,2
7,52,1
7,9,1
7,24,1
7,20,3
7,7,2
7,53,1
7,33,1
7,58,1
7,4,2
7,44,1
7,25,3
7,11,3
7,27,2
7,39,3
7,6,1
7,21,2
7,54,1
7,45,1
7,59,1
7,19,1
7,60,1
7,61,1
7,18,1
7,55,1
7,34,1
7,26,1
7,62,1
8,9,4
8,20,5
8,13,1
8,16,6
8,40,1
8,38,3
8,23,3
8,4,4
8,10,2
8,1,4
8,41,4
8,26,2
8,49,1
8,44,1
8,12,4
8,27,3
8,36,2
8,2,4
8,11,1
8,29,1
8,22,3
8,21,2
8,6,2
8,3,3
8,39,2
8,15,3
8,8,2
8,19,1
8,31,1
8,28,2
8,18,1
8,42,2
8,25,3
8,43,1
8,17,1
8,46,3
8,48,1
8,50,1
8,51,1
8,14,2
8,24,1
8,5,2
8,32,1
8,33,1
8,52,1
8,53,1
9,15,4
9,46,4
9,13,4
9,19,1
9,16,2
9,37,1
9,44,3
9,18,1
9,10,4
9,24,2
9,21,2
9,11,5
9,38,2
9,22,3
9,30,1
9,25,3
9,9,2
9,12,3
9,43,4
9,45,1
9,31,1
9,36,4
9,26,3
9,8,1
9,4,3
9,42,2
9,2,3
9,40,2
9,39,3
9,23,3
9,1,2
9,57,1
9,14,3
9,32,1
9,3,4
9,33,1
9,27,1
9,5,2
9,29,1
9,58,1
9,34,1
9,7,2
9,6,1
9,59,1
9,20,1
10,49,1
10,6,4
10,5,4
10,7,3
10,2,3
10,11,3
10,10,1
10,38,3
10,20,2
10,41,4
10,39,4
10,43,3
10,12,5
10,36,2
10,22,3
10,13,3
10,31,1
10,29,1
10,42,2
10,27,2
10,26,4
10,14,3
10,4,4
10,16,4
10,46,2
10,25,2
10,23,2
10,21,2
10,15,2
10,32,1
10,30,1
10,1,3
10,9,2
10,48,1
10,44,2
10,8,2
10,18,1
10,24,1
10,33,1
10,3,1
10,37,1
10,45,1
10,40,1
10,17,1
10,47,1
11,20,3
11,7,3
11,47,4
11,31,1
11,3,4
11,26,3
11,8,2
11,39,2
11,1,4
11,14,5
11,2,1
11,44,3
11,16,4
11,10,3
11,25,4
11,5,5
11,13,3
11,21,3
11,40,2
11,12,2
11,37,2
11,43,2
11,48,1
11,41,1
11,11,2
11,45,2
11,15,3
11,22,3
11,27,1
11,6,2
11,28,2
11,4,3
11,42,2
11,23,2
11,36,1
11,17,2
11,30,1
11,18,1
11,24,3
11,19,1
11,32,1
11,33,1
12,46,3
12,29,2
12,16,4
12,1,3
12,42,2
12,2,4
12,20,3
12,21,2
12,14,3
12,22,1
12,4,3
12,12,2
12,31,1
12,41,4
12,48,2
12,49,1
12,8,2
12,5,3
12,43,2
12,24,1
12,17,1
12,25,4
12,13,3
12,50,1
12,7,2
12,15,3
12,26,3
12,11,2
12,51,1
12,52,1
12,10,1
12,28,2
12,27,2
12,44,3
12,3,2
12,40,2
12,30,1
12,39,1
12,36,1
12,23,1
12,32,1
12,37,1
12,57,1
12,53,1
12,47,1
12,58,1
12,9,2
12,45,1
12,54,1
12,33,1
12,38,1
12,59,1
12,6,1
12,18,1
13,41,5
13,22,5
13,20,3
13,57,1
13,4,2
13,36,1
13,10,3
13,40,2
13,14,2
13,29,2
13,38,3
13,46,4
13,15,4
13,2,3
13,1,3
13,19,1
13,9,3
13,12,2
13,6,3
13,44,3
13,25,3
13,37,2
13,28,1
13,39,1
13,58,1
13,31,1
13,8,1
13,43,1
13,16,2
13,5,4
13,13,3
13,18,2
13,30,1
13,11,2
13,24,1
13,3,1
13,26,3
13,23,2
13,59,1
13,48,1
13,60,1
13,32,1
13,42,1
13,45,2
13,33,1
13,34,1
13,27,1
13,7,1
13,35,1
13,61,1
14,16,4
14,5,2
14,9,4
14,38,1
14,41,2
14,57,1
14,24,3
14,29,1
14,1,2
14,15,6
14,10,4
14,42,3
14,22,2
14,14,4
14,45,2
14,18,2
14,46,4
14,13,3
14,19,1
14,31,1
14,7,1
14,36,2
14,12,2
14,4,4
14,20,3
14,11,2
14,47,1
14,3,2
14,2,3
14,26,3
14,43,2
14,48,1
14,8,2
14,58,1
14,27,1
14,25,2
14,28,2
14,21,1
14,23,2
14,6,2
14,39,1
14,59,1
14,60,1
14,17,1
14,40,1
14,37,1
14,61,1
14,44,1
14,49,1
15,21,4
15,9,2
15,46,2
15,7,4
15,4,3
15,43,2
15,42,4
15,10,4
15,38,2
15,26,3
15,12,3
15,57,1
15,41,3
15,11,2
15,5,2
15,20,3
15,31,1
15,6,1
15,16,3
15,8,2
15,58,1
15,45,1
15,22,4
15,24,2
15,3,3
15,44,2
15,47,2
15,25,3
15,32,1
15,1,4
15,33,1
15,2,2
15,34,1
15,37,1
15,13,2
15,59,1
15,15,2
15,39,1
15,14,2
15,48,1
15,36,1
15,60,1
15,18,2
15,29,1
15,61,1
15,28,1
15,35,1
15,27,1
15,30,1
15,17,1
15,23,1
16,57,1
16,2,2
16,13,3
16,15,4
16,12,6
16,3,2
16,16,5
16,17,2
16,27,1
16,11,2
16,22,3
16,14,1
16,8,2
16,39,2
16,31,1
16,43,2
16,18,1
16,48,2
16,36,3
16,25,4
16,9,3
16,5,2
16,58,1
16,40,1
16,28,3
16,26,3
16,44,1
16,29,1
16,23,4
16,46,2
16,10,4
16,6,3
16,21,2
16,42,2
16,37,1
16,1,2
16,38,2
16,24,2
16,7,2
16,4,3
16,59,1
16,47,1
16,20,2
16,60,1
16,32,1
16,61,1
17,1,3
17,49,1
17,46,2
17,40,2
17,4,3
17,15,4
17,3,4
17,45,3
17,16,4
17,13,4
17,23,3
17,19,1
17,57,1
17,47,2
17,5,3
17,21,3
17,58,1
17,12,4
17,28,1
17,22,3
17,31,1
17,10,3
17,14,3
17,26,4
17,17,2
17,59,1
17,41,4
17,32,1
17,20,4
17,37,2
17,60,1
17,8,1
17,18,2
17,2,2
17,27,2
17,39,1
17,25,1
17,11,3
17,29,2
17,36,1
17,9,1
17,7,1
17,33,1
17,34,1
17,61,1
17,35,1
17,62,1
18,2,2
18,3,2
18,19,1
18,15,3
18,25,4
18,16,4
18,20,2
18,46,2
18,9,4
18,7,2
18,44,2
18,57,1
18,6,3
18,47,2
18,23,5
18,8,3
18,45,3
18,12,4
18,21,2
18,22,2
18,1,3
18,10,2
18,43,2
18,18,1
18,41,3
18,26,4
18,31,1
18,11,2
18,13,4
18,42,1
18,37,1
18,58,1
18,32,1
18,59,1
18,36,2
18,30,1
18,33,1
18,34,1
18,28,1
18,5,2
18,38,2
18,35,1
18,60,1
18,17,1
18,24,2
18,14,1
18,61,1
18,40,1
18,39,1
18,4,1
19,42,3
19,16,5
19,3,3
19,45,1
19,10,3
19,26,3
19,15,3
19,2,3
19,28,2
19,49,1
19,38,3
19,9,4
19,4,3
19,22,2
19,14,3
19,17,2
19,8,4
19,5,2
19,19,2
19,43,2
19,20,3
19,23,1
19,1,3
19,44,2
19,13,4
19,46,2
19,11,1
19,39,2
19,12,3
19,48,2
19,40,3
19,25,2
19,37,1
19,18,2
19,29,1
19,6,2
19,24,2
19,31,1
19,57,1
19,7,1
19,30,1
19,32,1
19,58,1
19,33,1
19,59,1
19,41,1
19,34,1
20,26,3
20,31,1
20,14,4
20,1,2
20,9,3
20,27,2
20,30,2
20,2,3
20,22,1
20,8,2
20,4,4
20,13,2
20,15,3
20,5,3
20,57,1
20,23,3
20,21,3
20,11,2
20,3,3
20,38,3
20,10,4
20,58,1
20,29,1
20,41,5
20,59,1
20,39,2
20,25,4
20,47,1
20,32,1
20,48,2
20,28,2
20,19,1
20,36,2
20,40,2
20,17,2
20,42,1
20,20,2
20,44,1
20,33,1
20,12,1
20,43,2
20,46,1
20,34,1
20,35,1
20,24,1
20,49,1
20,37,1
20,18,1
20,50,1
20,6,1
20,60,1
20,16,1
21,31,1
21,46,2
21,30,2
21,47,2
21,5,3
21,15,5
21,24,2
21,4,4
21,45,3
21,19,2
21,13,3
21,3,3
21,14,3
21,16,1
21,44,1
21,11,2
21,18,2
21,23,3
21,38,3
21,22,4
21,39,2
21,9,4
21,25,4
21,10,4
21,2,3
21,21,4
21,17,2
21,6,3
21,42,1
21,8,1
21,32,1
21,12,3
21,41,1
21,1,3
21,33,1
21,26,2
21,57,1
21,43,1
21,34,1
21,58,1
21,48,1
21,20,1
21,59,1
21,27,1
21,7,1
21,35,1
22,16,3
22,41,2
22,36,4
22,43,2
22,11,5
22,28,2
22,46,4
22,1,2
22,27,4
22,39,1
22,19,1
22,4,2
22,5,3
22,21,2
22,14,3
22,22,3
22,26,2
22,15,3
22,31,1
22,12,3
22,38,3
22,2,3
22,32,1
22,42,1
22,33,1
22,8,1
22,3,4
22,10,3
22,57,1
22,23,3
22,29,3
22,25,2
22,6,2
22,34,1
22,20,2
22,35,1
22,48,1
22,58,1
22,59,1
22,30,2
22,49,1
22,37,2
22,24,1
22,44,1
22,13,1
22,9,1
22,60,1
22,7,1
22,40,1
22,45,1
23,16,5
23,47,3
23,4,3
23,37,2
23,20,2
23,8,4
23,46,3
23,31,1
23,40,2
23,6,2
23,36,1
23,1,3
23,9,3
23,5,3
23,24,2
23,2,4
23,41,3
23,44,2
23,22,3
23,23,4
23,26,2
23,3,5
23,25,1
23,19,1
23,28,1
23,14,3
23,10,3
23,43,1
23,30,1
23,12,4
23,27,2
23,48,1
23,7,2
23,18,2
23,42,2
23,57,1
23,13,2
23,58,1
23,21,2
23,59,1
23,39,2
23,38,1
23,60,1
23,11,1
23,45,1
23,61,1
24,16,5
24,3,3
24,25,4
24,8,2
24,31,1
24,11,4
24,14,3
24,40,2
24,57,1
24,15,3
24,36,3
24,44,3
24,26,2
24,58,1
24,39,3
24,9,3
24,6,2
24,45,3
24,47,1
24,24,1
24,59,1
24,2,3
24,5,2
24,37,2
24,12,2
24,28,1
24,22,3
24,10,3
24,19,2
24,46,1
24,43,2
24,48,1
24,41,3
24,13,3
24,23,1
24,30,1
24,4,2
24,27,2
24,20,2
24,38,1
24,60,1
24,32,1
24,33,1
24,34,1
24,35,1
24,61,1
24,18,1
24,42,2
24,29,1
24,62,1
24,17,1
25,16,3
25,46,3
25,39,2
25,9,2
25,4,2
25,15,4
25,25,5
25,7,5
25,1,3
25,44,4
25,10,4
25,5,3
25,40,2
25,13,5
25,22,2
25,38,3
25,20,3
25,21,3
25,12,2
25,43,3
25,24,3
25,6,1
25,31,1
25,27,2
25,11,3
25,2,1
25,57,1
25,32,1
25,17,1
25,14,2
25,33,1
25,42,1
25,3,2
25,19,1
25,34,1
25,30,1
25,41,2
25,58,1
25,26,1
25,45,1
25,47,1
25,23,1
25,28,2
25,36,1
25,35,1
25,49,1
25,37,1
25,8,1
26,15,3
26,11,3
26,39,2
26,46,2
26,16,3
26,37,1
26,5,4
26,18,3
26,45,2
26,14,3
26,8,4
26,30,2
26,4,2
26,26,3
26,42,3
26,49,1
26,57,1
26,41,4
26,47,1
26,13,3
26,6,3
26,27,2
26,25,2
26,31,1
26,10,3
26,21,3
26,24,2
26,20,3
26,38,1
26,58,1
26,59,1
26,60,1
26,19,1
26,50,1
26,23,1
26,3,4
26,61,1
26,51,1
26,44,2
26,17,1
26,22,2
26,40,1
26,32,1
26,33,1
26,36,1
26,12,2
26,2,2
26,1,2
26,62,1
26,34,1
26,7,1
27,42,3
27,47,3
27,45,4
27,20,5
27,12,3
27,40,1
27,9,3
27,29,2
27,10,3
27,31,1
27,44,2
27,19,1
27,7,2
27,57,1
27,58,1
27,22,4
27,36,2
27,13,2
27,2,4
27,1,2
27,26,4
27,41,3
27,4,4
27,16,2
27,59,1
27,32,1
27,33,1
27,18,1
27,38,1
27,28,3
27,46,3
27,11,4
27,21,3
27,23,2
27,34,1
27,35,1
27,27,2
27,15,3
27,8,2
27,60,1
27,49,1
27,39,1
27,24,1
27,14,2
27,37,1
27,3,1
27,61,1
28,24,4
28,3,3
28,4,2
28,1,2
28,20,4
28,31,1
28,22,4
28,7,3
28,32,1
28,5,2
28,23,3
28,44,2
28,9,4
28,6,2
28,33,1
28,57,1
28,25,2
28,13,2
28,17,1
28,38,2
28,15,5
28,28,3
28,43,1
28,34,1
28,40,2
28,11,4
28,2,2
28,58,1
28,35,1
28,30,3
28,14,2
28,12,1
28,26,3
28,8,2
28,36,2
28,59,1
28,18,1
28,10,2
28,39,1
28,16,3
28,60,1
28,45,2
28,29,2
28,49,1
28,50,1
28,37,1
28,61,1
28,51,1
28,52,1
28,53,1
28,42,1
29,26,6
29,4,3
29,8,2
29,22,2
29,28,3
29,1,3
29,15,3
29,20,4
29,10,4
29,57,1
29,30,1
29,46,3
29,47,2
29,2,3
29,49,1
29,5,2
29,23,5
29,31,1
29,37,3
29,14,3
29,38,3
29,39,3
29,19,2
29,13,4
29,11,3
29,36,3
29,32,1
29,21,1
29,25,2
29,17,1
29,12,2
29,6,2
29,44,2
29,18,2
29,33,1
29,58,1
29,24,1
29,9,2
29,41,2
29,3,1
29,59,1
29,43,1
29,16,1
29,27,1
29,34,1
29,48,1
30,42,3
30,14,4
30,12,6
30,11,4
30,28,2
30,49,1
30,57,1
30,9,3
30,1,1
30,2,3
30,3,3
30,8,3
30,58,1
30,50,1
30,44,3
30,20,4
30,15,4
30,30,1
30,21,1
30,38,2
30,41,3
30,10,2
30,23,3
30,40,2
30,31,1
30,51,1
30,59,1
30,52,1
30,60,1
30,53,1
30,26,2
30,36,2
30,5,4
30,25,2
30,54,1
30,46,3
30,16,3
30,22,2
30,45,1
30,24,1
30,55,1
30,32,1
30,33,1
30,48,1
30,34,1
30,39,1
30,13,1
30,4,1
30,6,1
30,19,1
30,35,1
30,18,1
31,29,1
31,6,2
31,31,1
31,57,1
31,1,2
31,10,4
31,7,1
31,13,4
31,42,3
31,11,3
31,41,4
31,20,3
31,36,1
31,12,3
31,58,1
31,39,3
31,47,3
31,15,2
31,26,2
31,24,2
31,48,2
31,9,3
31,5,2
31,43,2
31,44,1
31,59,1
31,32,1
31,22,2
31,18,2
31,25,4
31,4,3
31,37,2
31,27,2
31,3,3
31,8,3
31,60,1
31,28,2
31,19,1
31,16,1
31,21,2
31,2,1
31,38,1
31,17,1
31,33,1
31,14,2
31,34,1
31,40,2
31,61,1
31,45,1
31,23,2
31,30,1
32,7,3
32,11,3
32,22,3
32,23,3
32,16,4
32,42,1
32,5,4
32,18,2
32,4,3
32,9,3
32,39,3
32,3,4
32,15,4
32,26,3
32,2,4
32,28,3
32,14,4
32,31,1
32,45,2
32,40,3
32,38,1
32,10,3
32,46,1
32,8,2
32,27,2
32,37,1
32,12,1
32,48,1
32,29,2
32,21,2
32,25,3
32,32,1
32,20,2
32,33,1
32,57,1
32,17,1
32,43,2
32,41,4
32,13,2
32,49,1
32,58,1
32,34,1
32,24,1
32,35,1
32,6,1
32,1,1
33,4,3
33,22,2
33,41,3
33,57,1
33,8,2
33,47,1
33,45,4
33,49,1
33,3,1
33,2,2
33,50,1
33,26,5
33,28,2
33,12,5
33,44,2
33,51,1
33,9,4
33,1,5
33,23,2
33,14,2
33,58,1
33,21,3
33,15,3
33,38,2
33,5,2
33,25,1
33,48,1
33,59,1
33,39,2
33,10,5
33,31,1
33,27,2
33,36,2
33,20,4
33,52,1
33,37,1
33,43,1
33,19,1
33,30,2
33,17,1
33,32,1
33,60,1
33,42,2
33,40,1
33,16,3
33,18,1
33,11,2
33,33,1
33,24,1
33,13,1
34,22,3
34,20,5
34,13,5
34,25,5
34,24,2
34,14,3
34,31,1
34,12,3
34,8,2
34,2,3
34,23,5
34,49,1
34,18,1
34,41,5
34,3,3
34,9,3
34,1,1
34,45,1
34,43,3
34,4,3
34,11,2
34,47,2
34,36,4
34,5,3
34,32,1
34,10,2
34,26,2
34,39,2
34,16,4
34,21,2
34,15,3
34,42,2
34,33,1
34,40,1
34,38,1
34,34,1
34,48,1
34,6,1
34,37,2
34,44,1
34,57,1
34,58,1
34,35,1
34,19,1
35,10,3
35,22,5
35,9,3
35,16,5
35,46,3
35,11,3
35,25,3
35,47,2
35,41,4
35,26,4
35,44,3
35,57,1
35,58,1
35,18,1
35,31,1
35,12,4
35,23,4
35,1,2
35,20,3
35,42,2
35,5,3
35,3,3
35,24,1
35,32,1
35,13,2
35,2,3
35,6,3
35,37,1
35,59,1
35,33,1
35,14,3
35,15,2
35,7,1
35,4,2
35,38,1
35,28,3
35,43,1
35,27,1
35,39,1
35,29,2
35,34,1
35,45,1
35,48,1
35,60,1
35,8,1
35,17,1
35,19,1
36,22,4
36,5,4
36,10,2
36,3,4
36,21,4
36,13,1
36,1,3
36,12,5
36,20,4
36,41,1
36,16,5
36,4,3
36,39,1
36,15,2
36,44,2
36,18,2
36,11,4
36,42,1
36,45,2
36,40,3
36,37,3
36,36,3
36,17,1
36,2,4
36,31,1
36,23,4
36,14,2
36,6,2
36,38,3
36,7,3
36,25,3
36,43,2
36,9,1
36,57,1
36,26,2
36,8,2
36,19,1
36,49,1
36,58,1
36,50,1
36,51,1
36,59,1
37,13,1
37,7,2
37,15,6
37,45,1
37,16,4
37,31,1
37,12,4
37,11,2
37,37,3
37,47,1
37,22,4
37,4,2
37,41,5
37,42,1
37,23,4
37,18,1
37,2,2
37,9,3
37,14,5
37,32,1
37,27,3
37,1,1
37,33,1
37,34,1
37,5,3
37,43,2
37,3,2
37,17,3
37,26,2
37,24,1
37,46,2
37,8,2
37,35,1
37,38,1
37,25,2
37,57,1
37,40,2
37,21,3
37,6,1
37,49,1
37,19,1
37,29,2
37,20,1
37,58,1
37,59,1
37,50,1
37,60,1
37,48,1
37,61,1
37,39,1
37,62,1
38,23,3
38,9,4
38,3,5
38,8,3
38,46,1
38,28,3
38,36,5
38,4,3
38,41,5
38,14,3
38,15,4
38,17,1
38,21,3
38,13,4
38,26,2
38,10,2
38,24,2
38,6,1
38,38,3
38,16,3
38,31,1
38,22,2
38,47,1
38,25,2
38,7,3
38,45,2
38,5,2
38,11,4
38,2,4
38,32,1
38,33,1
38,34,1
38,27,2
38,12,1
38,1,2
38,43,2
38,40,1
38,44,1
38,42,1
38,20,1
38,57,1
38,58,1
38,59,1
38,60,1
38,18,1
39,16,3
39,5,5
39,2,4
39,3,3
39,31,1
39,41,3
39,26,2
39,42,2
39,14,3
39,21,4
39,1,3
39,23,3
39,9,3
39,48,1
39,15,2
39,17,1
39,10,3
39,27,3
39,12,5
39,32,1
39,13,2
39,4,3
39,20,3
39,33,1
39,36,1
39,39,3
39,46,2
39,57,1
39,58,1
39,7,3
39,22,2
39,8,1
39,11,2
39,6,4
39,29,2
39,40,1
39,34,1
39,59,1
39,24,1
39,60,1
39,30,1
39,44,1
39,61,1
39,45,1
39,25,2
39,47,1
39,38,1
39,28,1
40,29,3
40,22,4
40,13,4
40,10,6
40,57,1
40,26,4
40,25,2
40,3,4
40,58,1
40,24,2
40,4,2
40,14,3
40,41,2
40,59,1
40,7,2
40,15,3
40,28,2
40,37,3
40,60,1
40,43,1
40,36,2
40,61,1
40,40,2
40,1,2
40,6,3
40,47,1
40,23,2
40,45,1
40,31,1
40,21,3
40,38,1
40,20,3
40,5,2
40,44,1
40,39,3
40,2,2
40,12,3
40,9,1
40,27,1
40,48,1
40,32,1
40,11,1
40,8,1
40,33,1
40,17,1
40,46,1
40,16,2
40,62,1
40,30,1
40,34,1
40,35,1
40,18,1
41,20,5
41,14,5
41,16,4
41,24,4
41,1,3
41,46,3
41,31,1
41,40,2
41,26,5
41,21,3
41,45,3
41,10,5
41,27,1
41,15,2
41,23,5
41,13,3
41,2,3
41,47,1
41,11,3
41,18,1
41,44,3
41,7,2
41,30,1
41,12,4
41,42,3
41,19,1
41,32,1
41,33,1
41,37,1
41,39,2
41,4,2
41,9,2
41,48,1
41,3,2
41,6,1
41,57,1
41,22,1
41,25,2
41,58,1
41,17,1
41,59,1
41,38,1
41,41,1
41,60,1
41,28,1
42,42,2
42,44,2
42,22,3
42,26,3
42,27,2
42,49,1
42,12,4
42,8,4
42,31,1
42,5,2
42,10,3
42,16,4
42,20,1
42,13,5
42,40,3
42,21,3
42,9,5
42,39,3
42,19,1
42,25,3
42,47,1
42,11,3
42,23,2
42,45,1
42,14,3
42,15,3
42,32,1
42,41,3
42,24,2
42,36,2
42,57,1
42,4,1
42,30,2
42,33,1
42,7,1
42,48,1
42,37,3
42,38,1
42,18,2
42,58,1
42,2,2
42,3,1
42,34,1
42,35,1
42,6,1
42,46,1
42,1,1
42,43,1
42,28,1
43,27,2
43,4,4
43,16,3
43,20,3
43,23,2
43,57,1
43,41,4
43,48,1
43,24,2
43,28,3
43,26,3
43,13,5
43,47,1
43,15,5
43,37,1
43,45,1
43,11,4
43,12,5
43,21,3
43,7,1
43,49,1
43,22,3
43,44,1
43,1,2
43,14,1
43,40,1
43,31,1
43,38,3
43,9,2
43,58,1
43,10,3
43,17,2
43,39,2
43,3,2
43,36,3
43,42,2
43,5,2
43,2,2
43,59,1
43,32,1
43,60,1
43,46,2
43,25,1
43,33,1
43,18,1
43,34,1
43,8,1
43,19,1
43,29,1
44,25,6
44,5,5
44,40,1
44,9,4
44,16,3
44,26,5
44,10,3
44,13,4
44,11,2
44,12,2
44,23,2
44,41,4
44,14,4
44,37,1
44,31,1
44,15,3
44,18,3
44,17,3
44,3,3
44,32,1
44,29,2
44,2,2
44,33,1
44,8,4
44,1,3
44,43,1
44,22,2
44,39,1
44,57,1
44,34,1
44,4,2
44,20,3
44,28,1
44,46,1
44,35,1
44,21,1
44,48,2
44,36,1
44,47,1
44,30,1
44,58,1
44,27,1
44,44,1
44,49,1
44,45,1
44,6,1
44,7,1
44,38,1
45,57,1
45,23,5
45,16,3
45,19,1
45,10,4
45,3,2
45,5,5
45,31,1
45,1,3
45,26,3
45,41,4
45,4,4
45,2,4
45,48,1
45,7,2
45,39,2
45,13,3
45,58,1
45,32,1
45,11,4
45,36,2
45,59,1
45,12,4
45,28,3
45,6,1
45,25,2
45,60,1
45,46,2
45,61,1
45,21,3
45,44,2
45,9,2
45,47,3
45,33,1
45,8,2
45,20,2
45,14,2
45,15,2
45,45,2
45,22,2
45,24,1
45,42,1
45,34,1
45,37,1
45,40,1
45,29,1
46,10,3
46,3,4
46,45,1
46,31,1
46,23,4
46,22,4
46,28,2
46,37,2
46,9,4
46,27,2
46,32,1
46,38,2
46,4,2
46,43,3
46,26,3
46,2,4
46,1,1
46,40,3
46,13,4
46,17,3
46,12,2
46,16,4
46,42,3
46,41,3
46,24,2
46,15,1
46,19,1
46,25,2
46,39,3
46,8,2
46,20,2
46,5,3
46,33,1
46,34,1
46,14,3
46,21,2
46,57,1
46,11,2
46,35,1
46,58,1
46,7,1
46,46,1
46,59,1
46,36,1
46,60,1
46,30,1
46,61,1
47,23,3
47,42,3
47,57,1
47,16,5
47,7,2
47,29,3
47,31,1
47,13,3
47,14,6
47,41,3
47,17,1
47,25,3
47,15,5
47,3,2
47,21,2
47,38,2
47,12,4
47,37,1
47,11,3
47,44,3
47,28,3
47,46,1
47,5,4
47,22,3
47,36,3
47,58,1
47,9,3
47,24,2
47,59,1
47,2,3
47,39,2
47,43,3
47,45,2
47,20,2
47,4,2
47,10,2
47,48,2
47,6,1
47,1,1
47,32,1
47,60,1
47,40,1
48,14,3
48,28,2
48,38,3
48,12,4
48,9,3
48,16,6
48,42,3
48,17,1
48,11,3
48,37,2
48,24,3
48,3,3
48,5,2
48,10,4
48,20,3
48,46,3
48,25,4
48,15,5
48,57,1
48,13,3
48,31,1
48,29,2
48,41,3
48,22,3
48,26,2
48,4,3
48,40,1
48,58,1
48,1,2
48,45,2
48,7,2
48,32,1
48,33,1
48,19,1
48,23,2
48,59,1
48,43,1
48,8,1
48,18,1
48,21,2
48,34,1
48,60,1
48,35,1
48,49,1
48,27,1
48,2,1
49,20,3
49,17,2
49,11,4
49,23,5
49,25,2
49,15,3
49,39,2
49,42,2
49,40,3
49,9,2
49,13,4
49,31,1
49,44,2
49,14,4
49,2,2
49,3,3
49,19,1
49,22,3
49,47,2
49,8,1
49,28,1
49,12,3
49,49,1
49,5,3
49,50,1
49,7,3
49,4,2
49,51,1
49,6,3
49,26,3
49,52,1
49,36,1
49,16,3
49,30,2
49,38,3
49,1,3
49,37,1
49,53,1
49,41,2
49,54,1
49,10,2
49,55,1
49,48,1
49,18,1
49,27,1
49,24,1
49,21,1
49,32,1
49,33,1
50,39,3
50,43,3
50,40,4
50,30,2
50,36,4
50,48,2
50,29,3
50,13,4
50,20,3
50,15,3
50,57,1
50,4,1
50,3,3
50,41,4
50,23,3
50,12,3
50,22,2
50,46,4
50,21,3
50,27,3
50,42,2
50,9,2
50,8,1
50,5,2
50,28,2
50,14,3
50,25,4
50,10,3
50,7,3
50,11,1
50,31,1
50,58,1
50,26,1
50,16,3
50,59,1
50,6,1
50,17,1
50,60,1
50,2,3
50,1,2
50,44,1
50,24,2
50,61,1
51,26,4
51,5,3
51,39,2
51,24,3
51,43,1
51,4,2
51,9,2
51,47,1
51,12,3
51,45,3
51,3,2
51,14,4
51,29,2
51,31,1
51,10,5
51,7,2
51,11,3
51,2,3
51,36,3
51,13,2
51,40,2
51,17,2
51,1,4
51,42,2
51,23,3
51,19,1
51,16,4
51,6,1
51,18,2
51,37,3
51,21,1
51,8,1
51,41,2
51,20,3
51,25,2
51,44,2
51,32,1
51,57,1
51,15,1
51,58,1
51,59,1
51,60,1
51,33,1
51,38,1
51,34,1
51,22,1
51,48,1
51,61,1
51,30,1
51,27,1
52,41,6
52,20,4
52,3,2
52,23,2
52,4,4
52,39,2
52,57,1
52,15,2
52,21,4
52,28,2
52,11,5
52,13,4
52,58,1
52,29,2
52,24,2
52,27,2
52,12,3
52,40,1
52,43,3
52,48,1
52,45,3
52,19,1
52,25,3
52,36,2
52,22,4
52,8,3
52,2,2
52,10,2
52,9,2
52,5,2
52,18,1
52,59,1
52,6,1
52,31,1
52,14,3
52,1,1
52,16,3
52,44,1
52,60,1
52,32,1
52,42,1
52,61,1
52,26,2
52,17,1
52,7,1
52,33,1
52,46,1
52,38,1
53,22,3
53,16,4
53,38,2
53,23,3
53,25,3
53,7,4
53,5,3
53,20,3
53,27,2
53,17,2
53,40,2
53,10,4
53,29,1
53,12,4
53,4,6
53,11,3
53,2,4
53,3,4
53,43,3
53,44,4
53,39,2
53,21,1
53,42,3
53,18,1
53,57,1
53,6,1
53,26,1
53,45,1
53,41,2
53,9,3
53,14,3
53,31,1
53,36,2
53,58,1
53,30,1
53,24,1
53,1,1
53,15,1
53,46,3
53,37,1
53,13,2
53,32,1
53,59,1
53,33,1
54,47,3
54,13,3
54,41,3
54,24,1
54,40,1
54,22,5
54,49,1
54,43,2
54,16,2
54,30,2
54,12,4
54,36,2
54,9,4
54,28,3
54,31,1
54,4,4
54,57,1
54,14,3
54,3,3
54,44,3
54,11,2
54,26,2
54,58,1
54,15,5
54,6,2
54,25,5
54,39,3
54,20,1
54,29,2
54,10,4
54,1,3
54,27,1
54,23,3
54,59,1
54,19,1
54,2,2
54,60,1
54,38,1
54,21,1
54,61,1
54,8,1
54,45,1
54,62,1
54,48,1
54,7,1
54,46,1
54,17,1
55,1,5
55,24,3
55,46,2
55,18,1
55,37,2
55,14,3
55,30,2
55,8,2
55,31,1
55,5,4
55,23,2
55,10,5
55,41,5
55,17,1
55,36,3
55,45,1
55,20,5
55,9,3
55,38,1
55,32,1
55,33,1
55,26,3
55,3,2
55,13,3
55,16,4
55,40,2
55,12,2
55,34,1
55,48,1
55,11,3
55,35,1
55,49,1
55,22,3
55,39,2
55,2,1
55,43,2
55,57,1
55,6,2
55,42,1
55,21,2
55,25,2
55,58,1
55,47,1
55,7,2
55,29,1
55,59,1
55,28,1
55,15,1
56,8,2
56,22,2
56,15,1
56,16,5
56,20,4
56,10,5
56,37,2
56,29,2
56,31,1
56,41,5
56,44,3
56,26,3
56,1,2
56,4,5
56,19,1
56,32,1
56,18,1
56,13,2
56,33,1
56,7,2
56,40,2
56,42,2
56,21,1
56,25,4
56,47,2
56,45,3
56,23,3
56,12,2
56,11,2
56,27,1
56,17,2
56,6,1
56,38,1
56,2,2
56,43,2
56,34,1
56,24,1
56,3,2
56,14,3
56,9,2
56,35,1
56,46,1
56,57,1
56,28,1
56,5,1
56,39,2
56,48,1
56,49,1
56,58,1
56,59,1
57,11,3
57,16,6
57,23,3
57,39,3
57,3,4
57,22,3
57,5,5
57,42,3
57,25,4
57,45,3
57,2,3
57,37,1
57,15,3
57,31,1
57,1,4
57,20,2
57,6,2
57,14,3
57,44,1
57,17,1
57,24,1
57,9,4
57,49,1
57,57,1
57,29,2
57,41,3
57,4,2
57,30,1
57,10,3
57,58,1
57,59,1
57,38,1
57,47,1
57,12,1
57,32,1
57,40,1
57,60,1
57,8,3
57,27,1
57,61,1
57,33,1
57,21,1
57,26,2
57,48,1
57,13,2
57,62,1
57,28,1
57,34,1
57,7,1
58,37,3
58,45,4
58,25,3
58,2,3
58,31,1
58,26,4
58,20,2
58,4,3
58,7,5
58,29,3
58,5,5
58,12,4
58,22,4
58,46,2
58,10,5
58,14,3
58,13,1
58,11,1
58,21,2
58,43,2
58,27,1
58,28,4
58,9,3
58,41,2
58,1,2
58,39,3
58,15,3
58,49,1
58,30,1
58,57,1
58,36,1
58,3,2
58,16,3
58,47,2
58,23,3
58,32,1
58,8,2
58,44,1
58,42,1
58,33,1
58,38,1
58,18,1
59,57,1
59,25,3
59,40,3
59,31,1
59,7,4
59,58,1
59,41,6
59,14,3
59,32,1
59,4,3
59,38,2
59,45,1
59,3,2
59,15,3
59,6,3
59,5,2
59,16,4
59,33,1
59,28,2
59,34,1
59,47,2
59,44,4
59,13,4
59,59,1
59,21,1
59,11,4
59,12,4
59,60,1
59,36,1
59,22,1
59,26,4
59,10,3
59,1,1
59,8,3
59,23,2
59,20,3
59,39,1
59,29,1
59,2,1
59,37,1
59,48,1
59,30,1
59,35,1
59,61,1
59,24,1
59,17,1
59,42,1
59,49,1
59,9,1
59,43,1
60,30,1
60,48,2
60,25,3
60,12,4
60,3,5
60,26,4
60,13,3
60,28,2
60,15,4
60,24,2
60,23,3
60,45,1
60,36,3
60,14,3
60,10,2
60,16,4
60,11,5
60,27,3
60,1,3
60,6,2
60,31,1
60,7,2
60,2,2
60,9,2
60,5,4
60,4,2
60,21,2
60,8,3
60,42,3
60,57,1
60,58,1
60,39,2
60,17,1
60,41,2
60,43,1
60,20,1
60,40,2
60,22,2
60,59,1
60,38,1
60,60,1
60,32,1
60,18,1
60,33,1
60,37,1
61,20,3
61,8,3
61,25,3
61,41,6
61,39,2
61,23,2
61,38,3
61,6,2
61,57,1
61,10,4
61,2,4
61,7,1
61,14,4
61,4,3
61,9,2
61,31,1
61,43,3
61,44,2
61,32,1
61,5,2
61,30,1
61,26,5
61,12,3
61,11,4
61,1,5
61,47,2
61,58,1
61,36,1
61,33,1
61,59,1
61,16,2
61,18,1
61,3,1
61,60,1
61,34,1
61,35,1
61,15,3
61,40,1
61,42,1
61,49,1
61,13,1
61,46,2
61,48,1
61,45,1
61,17,1
61,24,1
61,21,1
61,61,1
61,62,1
61,29,1
62,2,3
62,17,1
62,26,4
62,16,4
62,14,3
62,45,2
62,15,3
62,18,1
62,42,3
62,25,6
62,11,3
62,49,1
62,38,2
62,31,1
62,20,2
62,43,2
62,22,3
62,23,3
62,7,3
62,40,3
62,19,1
62,5,4
62,46,3
62,48,1
62,10,5
62,9,4
62,27,2
62,57,1
62,1,2
62,44,1
62,58,1
62,59,1
62,36,1
62,13,2
62,30,2
62,4,3
62,3,3
62,24,1
62,12,3
62,47,1
62,41,1
62,21,1
62,37,1
62,28,1
62,60,1
63,22,1
63,4,2
63,57,1
63,23,3
63,43,2
63,44,2
63,9,3
63,26,4
63,11,6
63,20,2
63,7,4
63,40,3
63,31,1
63,41,3
63,21,2
63,1,4
63,42,2
63,8,3
63,6,1
63,19,1
63,17,1
63,25,1
63,2,1
63,10,3
63,48,2
63,30,1
63,24,2
63,32,1
63,58,1
63,14,3
63,12,2
63,29,1
63,3,2
63,16,3
63,27,4
63,28,2
63,39,3
63,59,1
63,5,2
63,13,1
63,60,1
63,15,2
63,33,1
63,38,1
63,34,1
63,49,1
63,47,1
63,61,1
63,35,1
63,45,1
63,18,1
63,37,1
64,16,4
64,15,4
64,21,3
64,2,3
64,42,2
64,3,3
64,25,4
64,24,3
64,31,1
64,44,2
64,26,3
64,8,1
64,57,1
64,43,2
64,7,2
64,4,3
64,22,3
64,20,3
64,5,4
64,46,3
64,23,3
64,38,1
64,28,2
64,14,2
64,45,2
64,12,4
64,27,4
64,19,1
64,9,2
64,6,3
64,40,2
64,39,2
64,47,1
64,11,2
64,18,3
64,41,2
64,10,2
64,37,1
64,58,1
64,13,1
64,48,1
64,17,1
64,1,1
64,32,1
64,33,1
65,22,3
65,21,2
65,41,3
65,2,4
65,43,3
65,45,2
65,11,3
65,8,1
65,13,4
65,6,3
65,40,2
65,16,5
65,1,2
65,30,1
65,31,1
65,3,3
65,17,3
65,20,3
65,37,3
65,4,2
65,25,4
65,26,3
65,42,3
65,12,3
65,38,2
65,27,1
65,44,2
65,32,1
65,14,3
65,9,1
65,10,4
65,33,1
65,34,1
65,15,4
65,48,1
65,5,2
65,39,1
65,23,3
65,28,2
65,35,1
65,7,1
65,36,1
65,49,1
65,29,1
66,16,6
66,20,2
66,27,2
66,6,2
66,12,4
66,23,4
66,14,3
66,8,2
66,41,3
66,25,4
66,48,1
66,36,2
66,5,4
66,57,1
66,10,4
66,3,2
66,44,2
66,4,2
66,13,2
66,46,2
66,58,1
66,40,2
66,17,1
66,30,2
66,45,2
66,37,2
66,24,1
66,31,1
66,1,2
66,15,3
66,29,3
66,59,1
66,38,3
66,60,1
66,42,2
66,22,2
66,61,1
66,28,2
66,47,1
66,32,1
66,2,1
66,11,1
66,19,1
66,43,2
66,33,1
66,9,2
66,26,1
66,34,1
66,62,1
66,39,1
67,5,4
67,22,5
67,45,2
67,19,1
67,16,5
67,37,2
67,44,3
67,36,2
67,3,4
67,25,5
67,15,2
67,6,4
67,13,2
67,11,2
67,20,3
67,23,3
67,14,3
67,31,1
67,49,1
67,26,3
67,38,2
67,10,3
67,1,3
67,47,1
67,50,1
67,27,1
67,24,1
67,32,1
67,57,1
67,51,1
67,18,3
67,7,4
67,2,1
67,9,2
67,4,3
67,58,1
67,33,1
67,39,2
67,34,1
67,59,1
67,28,1
67,52,1
67,12,2
67,42,1
67,30,1
67,53,1
67,43,1
67,8,1
68,31,1
68,41,4
68,11,4
68,37,2
68,57,1
68,9,2
68,19,2
68,4,2
68,16,5
68,58,1
68,26,3
68,59,1
68,12,5
68,39,2
68,48,3
68,25,3
68,23,3
68,30,1
68,10,3
68,27,3
68,15,4
68,18,2
68,38,2
68,24,4
68,3,3
68,42,2
68,60,1
68,21,1
68,46,3
68,13,3
68,20,2
68,5,1
68,14,2
68,32,1
68,33,1
68,28,2
68,17,1
68,34,1
68,1,2
68,8,2
68,35,1
68,6,1
68,22,2
68,49,1
68,36,1
68,2,1
68,50,1
68,40,1
69,41,3
69,16,5
69,43,1
69,44,2
69,8,4
69,29,4
69,6,3
69,3,5
69,36,2
69,1,4
69,2,3
69,38,2
69,47,2
69,23,3
69,9,2
69,26,3
69,22,3
69,13,3
69,57,1
69,40,2
69,45,1
69,24,3
69,4,3
69,30,1
69,10,3
69,58,1
69,31,1
69,20,2
69,32,1
69,14,1
69,18,2
69,7,1
69,12,3
69,46,2
69,5,2
69,17,1
69,59,1
69,33,1
69,15,1
69,49,1
69,60,1
69,42,2
69,21,2
69,11,1
69,39,1
69,25,1
69,28,1
69,34,1
69,61,1
70,36,1
70,19,1
70,22,4
70,25,5
70,38,2
70,45,3
70,1,3
70,5,3
70,46,2
70,15,3
70,42,2
70,49,1
70,39,2
70,26,4
70,40,1
70,23,3
70,37,1
70,50,1
70,43,2
70,41,3
70,57,1
70,4,2
70,51,1
70,6,2
70,16,3
70,14,3
70,27,5
70,20,3
70,7,1
70,3,3
70,31,1
70,28,1
70,10,2
70,47,1
70,2,3
70,58,1
70,9,3
70,18,1
70,21,1
70,44,2
70,48,1
70,11,2
70,13,1
70,32,1
70,59,1
70,24,1
70,33,1
70,34,1
70,8,1
70,17,1
70,60,1
70,61,1
71,21,1
71,14,4
71,16,4
71,6,3
71,20,4
71,28,3
71,27,1
71,10,4
71,49,1
71,26,3
71,39,1
71,57,1
71,31,1
71,41,2
71,58,1
71,43,2
71,48,1
71,29,2
71,13,4
71,5,1
71,11,3
71,7,3
71,1,2
71,59,1
71,18,2
71,46,3
71,38,2
71,60,1
71,44,2
71,19,2
71,9,3
71,47,1
71,22,3
71,2,2
71,4,3
71,42,3
71,25,2
71,23,3
71,30,2
71,12,2
71,61,1
71,3,1
71,40,1
71,32,1
71,33,1
71,45,2
71,36,1
71,17,1
71,15,1
71,34,1
72,57,1
72,3,3
72,8,3
72,23,4
72,31,1
72,1,5
72,42,3
72,25,3
72,27,1
72,47,2
72,20,3
72,12,3
72,14,3
72,9,3
72,21,2
72,5,1
72,22,4
72,11,2
72,16,5
72,4,4
72,15,5
72,13,3
72,58,1
72,36,4
72,24,2
72,10,2
72,44,2
72,43,2
72,18,1
72,30,1
72,41,2
72,38,1
72,59,1
72,60,1
72,48,1
72,45,2
72,29,1
72,46,1
72,37,1
72,2,2
72,40,2
72,61,1
72,28,1
72,26,2
72,7,1
72,39,1
73,14,3
73,25,3
73,15,2
73,44,4
73,10,3
73,5,2
73,26,3
73,39,2
73,57,1
73,45,2
73,20,3
73,18,2
73,3,3
73,12,5
73,31,1
73,32,1
73,2,2
73,48,1
73,6,2
73,36,2
73,4,3
73,8,2
73,1,2
73,23,4
73,41,5
73,22,3
73,37,3
73,11,3
73,43,2
73,16,2
73,13,2
73,58,1
73,46,2
73,38,3
73,29,2
73,33,1
73,17,2
73,9,1
73,59,1
73,28,2
73,27,1
73,40,1
73,24,1
73,34,1
73,60,1
73,21,1
73,35,1
74,23,3
74,9,5
74,57,1
74,20,1
74,22,4
74,6,3
74,49,1
74,28,3
74,42,2
74,11,1
74,25,3
74,41,4
74,16,1
74,58,1
74,48,2
74,31,1
74,15,3
74,2,2
74,59,1
74,4,3
74,46,2
74,29,1
74,26,3
74,32,1
74,12,4
74,40,3
74,38,3
74,13,2
74,14,3
74,1,3
74,37,2
74,17,1
74,5,3
74,3,3
74,33,1
74,8,2
74,60,1
74,50,1
74,39,2
74,51,1
74,44,2
74,7,2
74,21,1
74,45,1
74,10,1
74,30,1
74,52,1
74,27,1
74,53,1
74,34,1
74,36,1
75,49,1
75,48,3
75,22,3
75,14,4
75,3,3
75,6,4
75,15,5
75,9,3
75,30,1
75,20,5
75,16,5
75,41,2
75,21,3
75,45,1
75,10,3
75,43,1
75,25,4
75,18,1
75,7,1
75,11,4
75,1,3
75,24,3
75,42,2
75,13,2
75,47,2
75,19,2
75,40,3
75,27,2
75,57,1
75,8,1
75,39,2
75,28,2
75,58,1
75,12,2
75,26,2
75,44,2
75,31,1
75,23,2
75,5,2
75,2,1
75,36,1
75,17,1
75,37,1
75,59,1
75,29,1
76,31,1
76,32,1
76,26,3
76,46,2
76,16,5
76,25,2
76,22,4
76,49,1
76,50,1
76,5,4
76,23,3
76,19,2
76,11,2
76,51,1
76,1,4
76,29,3
76,36,2
76,33,1
76,20,3
76,38,3
76,15,3
76,21,3
76,9,3
76,10,2
76,41,3
76,13,1
76,28,1
76,7,1
76,57,1
76,3,3
76,44,1
76,34,1
76,52,1
76,12,5
76,27,2
76,47,2
76,18,2
76,4,3
76,39,1
76,8,1
76,17,1
76,14,2
76,6,1
76,37,2
76,2,1
76,30,1
76,40,1
76,45,1
76,24,1
76,53,1
77,27,3
77,10,3
77,18,3
77,9,3
77,16,5
77,49,1
77,4,3
77,57,1
77,42,1
77,12,4
77,15,1
77,20,5
77,38,2
77,41,2
77,5,5
77,36,3
77,11,4
77,31,1
77,26,3
77,43,2
77,37,1
77,8,3
77,14,3
77,40,3
77,2,2
77,25,4
77,7,3
77,23,1
77,29,2
77,45,1
77,39,1
77,3,2
77,44,2
77,22,1
77,6,1
77,32,1
77,58,1
77,48,2
77,13,2
77,21,2
77,1,1
77,47,1
77,46,2
77,59,1
77,28,1
77,60,1
78,5,4
78,21,3
78,41,5
78,15,4
78,9,2
78,2,3
78,28,4
78,49,1
78,11,2
78,16,3
78,1,3
78,6,2
78,27,1
78,4,3
78,30,2
78,50,1
78,43,2
78,46,5
78,31,1
78,23,5
78,36,1
78,57,1
78,47,1
78,24,2
78,20,3
78,26,2
78,40,4
78,42,2
78,44,3
78,7,3
78,3,3
78,29,1
78,45,3
78,10,2
78,39,2
78,25,2
78,8,1
78,12,1
78,14,1
78,22,1
78,18,1
78,32,1
78,51,1
78,13,1
78,37,1
79,12,4
79,44,4
79,14,2
79,4,4
79,36,2
79,40,3
79,5,5
79,39,1
79,24,2
79,20,2
79,27,1
79,6,2
79,22,1
79,3,2
79,25,2
79,47,1
79,21,2
79,9,3
79,16,5
79,29,3
79,15,3
79,8,3
79,11,3
79,38,1
79,31,1
79,1,3
79,10,2
79,46,1
79,41,4
79,43,3
79,26,2
79,45,2
79,23,2
79,57,1
79,58,1
79,32,1
79,18,1
79,33,1
79,2,2
79,7,1
79,59,1
79,60,1
79,13,1
79,34,1
79,28,1
79,42,1
79,35,1
79,61,1
79,62,1
79,30,1
79,37,1
80,28,1
80,1,4
80,16,5
80,44,3
80,9,3
80,29,3
80,5,3
80,46,2
80,3,4
80,13,3
80,31,1
80,22,4
80,7,3
80,21,1
80,26,5
80,12,4
80,57,1
80,8,2
80,23,2
80,10,4
80,42,1
80,48,1
80,38,4
80,4,3
80,2,2
80,11,3
80,24,2
80,43,2
80,20,2
80,15,2
80,37,3
80,6,1
80,25,3
80,39,2
80,40,1
80,17,1
80,41,2
80,58,1
80,47,1
80,19,1
80,14,1
80,59,1
80,45,1
80,60,1
81,15,4
81,20,3
81,29,1
81,57,1
81,26,4
81,39,2
81,16,4
81,14,3
81,5,3
81,11,5
81,1,3
81,31,1
81,32,1
81,36,2
81,25,3
81,4,3
81,41,4
81,44,3
81,22,4
81,9,4
81,23,4
81,10,2
81,18,1
81,6,2
81,2,2
81,33,1
81,3,2
81,28,2
81,12,3
81,37,2
81,58,1
81,24,1
81,59,1
81,17,1
81,7,1
81,34,1
81,60,1
81,43,2
81,46,1
81,13,2
81,48,1
81,40,1
81,27,1
81,35,1
81,61,1
81,47,1
81,62,1
81,49,1
81,30,1
82,9,4
82,31,1
82,42,2
82,45,4
82,39,2
82,4,4
82,57,1
82,6,3
82,13,3
82,28,2
82,48,1
82,29,2
82,11,2
82,1,4
82,12,4
82,23,4
82,43,2
82,24,1
82,58,1
82,26,2
82,22,4
82,59,1
82,36,2
82,40,2
82,15,3
82,41,4
82,14,3
82,46,2
82,3,2
82,2,2
82,20,3
82,25,3
82,17,1
82,7,1
82,16,2
82,27,1
82,60,1
82,61,1
82,44,2
82,10,2
82,37,2
82,8,1
82,5,2
82,47,1
82,21,1
82,18,1
82,32,1
83,3,3
83,11,5
83,27,2
83,20,4
83,36,2
83,4,5
83,57,1
83,44,2
83,37,2
83,2,3
83,46,1
83,5,4
83,16,3
83,58,1
83,30,1
83,48,1
83,28,4
83,14,4
83,22,3
83,1,1
83,13,4
83,6,4
83,19,2
83,40,1
83,43,2
83,26,2
83,41,4
83,8,2
83,31,1
83,59,1
83,9,2
83,21,1
83,12,4
83,29,2
83,15,3
83,10,2
83,23,2
83,32,1
83,38,2
83,45,2
83,33,1
83,42,1
83,17,1
83,39,1
84,30,2
84,41,4
84,3,5
84,23,3
84,2,2
84,18,2
84,22,2
84,57,1
84,5,3
84,31,1
84,37,2
84,25,3
84,14,4
84,26,3
84,9,3
84,21,3
84,15,4
84,48,1
84,58,1
84,47,2
84,28,1
84,11,3
84,38,2
84,12,1
84,19,2
84,16,4
84,40,2
84,13,4
84,32,1
84,1,3
84,4,3
84,33,1
84,34,1
84,59,1
84,6,1
84,20,3
84,24,1
84,35,1
84,17,2
84,10,1
84,7,1
84,42,1
84,45,1
84,36,2
84,46,2
84,29,1
84,49,1
84,39,1
84,50,1
85,15,6
85,49,1
85,13,3
85,31,1
85,25,4
85,7,1
85,48,1
85,50,1
85,5,2
85,20,3
85,4,3
85,2,3
85,16,6
85,11,4
85,29,2
85,23,4
85,3,4
85,22,2
85,40,3
85,51,1
85,21,3
85,30,1
85,9,2
85,14,3
85,38,2
85,37,1
85,8,1
85,19,1
85,26,2
85,45,2
85,32,1
85,17,2
85,36,1
85,33,1
85,42,1
85,10,3
85,1,2
85,18,1
85,6,1
85,41,2
85,28,1
85,12,1
85,43,2
85,52,1
85,27,2
85,34,1
85,47,1
85,35,1
85,53,1
85,57,1
86,5,6
86,12,4
86,39,1
86,13,5
86,8,2
86,47,2
86,1,3
86,14,3
86,16,5
86,24,2
86,38,2
86,21,1
86,11,2
86,28,4
86,4,5
86,46,2
86,31,1
86,10,3
86,25,4
86,36,2
86,26,4
86,15,4
86,3,2
86,23,3
86,9,3
86,45,3
86,40,1
86,41,3
86,32,1
86,57,1
86,22,3
86,30,1
86,18,1
86,43,1
86,58,1
86,33,1
86,27,1
86,44,2
86,7,1
86,29,1
86,20,1
86,37,1
86,59,1
87,1,3
87,12,4
87,37,3
87,16,3
87,20,3
87,31,1
87,24,3
87,40,1
87,4,5
87,44,2
87,10,3
87,17,2
87,43,3
87,14,1
87,36,2
87,3,3
87,13,4
87,5,3
87,42,2
87,26,4
87,57,1
87,58,1
87,2,4
87,32,1
87,33,1
87,15,5
87,27,2
87,48,2
87,23,2
87,11,2
87,22,3
87,28,1
87,59,1
87,34,1
87,38,1
87,39,2
87,41,1
87,45,1
87,46,3
87,9,1
87,47,1
87,25,3
87,8,1
87,60,1
87,6,1
87,7,1
87,19,1
88,43,2
88,39,2
88,25,2
88,31,1
88,14,2
88,36,1
88,28,2
88,32,1
88,19,2
88,22,3
88,3,3
88,29,3
88,10,4
88,13,3
88,9,3
88,20,3
88,49,1
88,41,4
88,16,4
88,23,2
88,44,1
88,1,4
88,26,3
88,50,1
88,24,2
88,33,1
88,34,1
88,7,2
88,38,3
88,4,1
88,51,1
88,6,2
88,45,1
88,40,1
88,21,1
88,15,4
88,11,3
88,35,1
88,52,1
88,2,3
88,37,3
88,30,1
88,46,1
88,53,1
88,5,1
88,48,1
88,57,1
88,58,1
88,54,1
88,18,1
88,8,1
88,59,1
88,17,1
89,23,4
89,31,1
89,2,3
89,1,4
89,25,2
89,16,2
89,28,2
89,11,4
89,41,4
89,12,2
89,36,2
89,15,4
89,9,3
89,42,3
89,14,3
89,3,5
89,22,5
89,39,3
89,43,1
89,46,2
89,8,1
89,7,2
89,32,1
89,30,2
89,37,2
89,10,5
89,5,1
89,48,2
89,27,1
89,45,2
89,40,1
89,57,1
89,44,1
89,38,3
89,26,1
89,33,1
89,34,1
89,20,1
89,4,3
89,29,1
89,13,2
89,58,1
89,19,1
89,35,1
89,59,1
89,60,1
89,21,1
90,6,3
90,18,2
90,1,3
90,10,5
90,21,1
90,2,3
90,31,1
90,3,1
90,46,1
90,24,3
90,16,3
90,32,1
90,43,2
90,9,2
90,12,4
90,45,3
90,4,4
90,5,3
90,57,1
90,33,1
90,34,1
90,47,2
90,17,2
90,7,1
90,13,2
90,39,2
90,35,1
90,26,3
90,20,3
90,38,3
90,28,1
90,19,1
90,41,3
90,8,2
90,49,1
90,48,2
90,30,2
90,23,3
90,15,3
90,58,1
90,29,1
90,11,2
90,25,2
90,22,2
90,27,3
90,14,2
90,42,1
90,40,1
91,22,3
91,46,2
91,1,4
91,45,2
91,43,1
91,16,3
91,15,3
91,39,2
91,9,4
91,11,2
91,28,3
91,4,5
91,21,2
91,29,1
91,36,2
91,13,4
91,27,2
91,12,4
91,2,3
91,25,4
91,14,4
91,37,1
91,6,3
91,57,1
91,38,3
91,10,2
91,23,2
91,31,1
91,26,3
91,32,1
91,20,3
91,48,1
91,3,3
91,33,1
91,42,2
91,5,2
91,49,1
91,19,1
91,41,2
91,58,1
91,40,1
91,34,1
91,59,1
91,17,1
91,24,1
91,60,1
92,40,1
92,41,5
92,4,3
92,46,4
92,57,1
92,37,4
92,31,1
92,48,1
92,38,1
92,19,2
92,28,2
92,22,3
92,39,4
92,30,3
92,10,4
92,13,3
92,23,3
92,25,3
92,3,3
92,5,2
92,43,1
92,11,2
92,1,3
92,14,2
92,58,1
92,26,3
92,21,2
92,24,2
92,32,1
92,2,2
92,9,2
92,16,3
92,7,2
92,27,1
92,59,1
92,15,2
92,60,1
92,61,1
92,8,2
92,44,2
92,36,1
92,12,3
92,33,1
92,20,2
92,42,1
92,34,1
92,18,1
92,35,1
93,22,4
93,46,4
93,12,3
93,28,3
93,37,1
93,13,3
93,10,3
93,2,3
93,9,2
93,15,4
93,23,4
93,38,1
93,16,4
93,25,3
93,20,3
93,29,1
93,18,1
93,1,3
93,7,3
93,14,3
93,5,3
93,57,1
93,11,2
93,3,3
93,24,1
93,26,3
93,21,3
93,45,1
93,6,1
93,41,4
93,27,1
93,17,3
93,58,1
93,4,2
93,36,2
93,47,2
93,31,1
93,32,1
93,33,1
93,48,1
93,34,1
93,39,2
93,8,1
93,42,1
93,30,1
93,43,1
94,15,4
94,14,4
94,24,1
94,44,1
94,1,2
94,57,1
94,47,4
94,25,3
94,13,2
94,22,2
94,3,4
94,9,3
94,27,2
94,4,4
94,31,1
94,11,3
94,5,1
94,16,4
94,39,2
94,42,2
94,12,4
94,10,2
94,36,3
94,23,3
94,41,3
94,40,2
94,38,3
94,43,3
94,20,2
94,18,1
94,32,1
94,33,1
94,2,2
94,58,1
94,30,1
94,28,3
94,8,3
94,21,1
94,26,2
94,37,1
94,59,1
94,7,2
94,48,1
94,60,1
94,34,1
94,6,1
94,61,1
95,3,4
95,37,3
95,14,2
95,1,4
95,16,4
95,27,4
95,9,4
95,7,2
95,22,3
95,48,2
95,24,4
95,38,3
95,31,1
95,36,2
95,4,3
95,40,2
95,11,3
95,12,3
95,49,1
95,26,2
95,41,3
95,20,2
95,30,1
95,25,2
95,15,3
95,57,1
95,10,2
95,5,2
95,18,3
95,43,1
95,17,1
95,39,2
95,44,2
95,46,1
95,23,2
95,58,1
95,13,3
95,28,1
95,42,1
95,2,2
95,8,1
95,45,2
95,29,1
95,32,1
95,33,1
95,47,1
95,59,1
96,7,1
96,22,3
96,39,2
96,8,5
96,31,1
96,26,3
96,3,4
96,44,2
96,25,3
96,5,3
96,45,3
96,28,2
96,10,4
96,13,2
96,57,1
96,11,4
96,58,1
96,32,1
96,23,4
96,40,1
96,16,3
96,1,3
96,21,3
96,9,1
96,15,2
96,48,3
96,24,1
96,47,1
96,33,1
96,17,2
96,20,3
96,12,2
96,37,1
96,2,3
96,46,2
96,42,1
96,34,1
96,4,2
96,14,3
96,43,2
96,27,1
96,41,2
96,36,2
96,6,1
96,59,1
96,38,1
96,35,1
96,29,1
97,36,1
97,12,6
97,5,4
97,40,2
97,26,4
97,3,4
97,9,3
97,2,4
97,29,4
97,23,3
97,57,1
97,16,4
97,4,3
97,21,3
97,20,2
97,44,1
97,47,1
97,10,3
97,46,1
97,31,1
97,32,1
97,41,3
97,13,3
97,27,1
97,11,3
97,33,1
97,14,3
97,24,3
97,58,1
97,59,1
97,34,1
97,19,1
97,1,3
97,42,1
97,22,3
97,45,2
97,35,1
97,25,1
97,60,1
97,7,1
97,15,1
97,49,1
97,48,1
97,50,1
97,51,1
97,52,1
97,18,1
97,17,1
97,8,1
97,39,1
98,15,4
98,8,1
98,1,2
98,6,4
98,27,4
98,14,5
98,11,3
98,45,2
98,31,1
98,3,2
98,16,3
98,5,4
98,12,4
98,57,1
98,9,2
98,13,3
98,43,2
98,36,2
98,41,4
98,28,2
98,19,1
98,10,3
98,40,3
98,4,3
98,44,1
98,7,1
98,30,3
98,22,3
98,26,3
98,23,4
98,21,3
98,25,1
98,17,1
98,32,1
98,37,1
98,58,1
98,18,1
98,24,3
98,20,2
98,59,1
98,47,1
98,38,1
98,33,1
98,2,1
98,46,1
99,26,2
99,5,2
99,15,3
99,21,3
99,41,6
99,25,5
99,31,1
99,36,3
99,48,1
99,2,4
99,43,2
99,27,2
99,45,3
99,9,3
99,12,4
99,10,3
99,40,2
99,57,1
99,38,1
99,14,3
99,3,4
99,7,2
99,11,2
99,32,1
99,19,2
99,33,1
99,22,2
99,20,3
99,4,3
99,13,1
99,34,1
99,35,1
99,28,3
99,24,2
99,58,1
99,16,4
99,6,1
99,1,2
99,44,2
99,23,1
99,29,1
99,17,1
99,37,1
99,47,1
99,42,1
99,49,1
99,39,1
