run,card_id,card_frequency
0,20,3
0,16,3
0,22,2
0,45,4
0,15,6
0,12,5
0,42,4
0,4,4
0,23,5
0,14,4
0,21,3
0,17,1
0,26,5
0,11,3
0,10,3
0,28,4
0,1,4
0,41,3
0,44,2
0,29,2
0,38,2
0,7,1
0,46,1
0,43,1
0,40,3
0,24,2
0,9,3
0,36,4
0,3,3
0,5,1
0,47,2
0,13,2
0,19,2
0,48,1
0,25,2
1,9,5
1,30,3
1,36,3
1,41,5
1,26,2
1,42,3
1,38,3
1,12,2
1,13,4
1,1,3
1,24,1
1,46,2
1,2,5
1,4,3
1,29,2
1,43,1
1,39,2
1,45,2
1,16,5
1,25,3
1,14,1
1,37,2
1,40,4
1,11,2
1,15,2
1,5,4
1,23,3
1,7,2
1,20,2
1,10,2
1,44,2
1,47,1
1,28,2
1,6,5
1,27,1
1,18,1
1,21,1
1,3,2
1,8,1
1,17,1
2,43,3
2,15,4
2,20,4
2,48,2
2,23,6
2,22,2
2,16,5
2,13,3
2,26,2
2,8,3
2,40,3
2,25,4
2,14,4
2,2,5
2,10,2
2,5,4
2,28,4
2,3,3
2,42,2
2,4,3
2,38,2
2,17,2
2,46,2
2,7,2
2,12,3
2,27,2
2,9,2
2,44,1
2,36,1
2,11,1
2,41,3
2,37,1
2,39,2
2,45,2
2,24,2
2,18,1
2,29,2
2,30,1
3,3,2
3,25,3
3,15,5
3,9,3
3,43,2
3,41,3
3,11,4
3,1,4
3,10,4
3,14,3
3,42,5
3,39,2
3,12,1
3,26,4
3,37,7
3,5,4
3,17,1
3,45,3
3,6,1
3,36,1
3,28,3
3,23,3
3,22,2
3,29,3
3,21,2
3,48,1
3,2,2
3,40,3
3,8,2
3,19,1
3,4,4
3,13,4
3,7,2
3,47,1
3,27,1
3,24,2
3,16,1
3,44,1
4,21,4
4,16,7
4,7,1
4,10,3
4,25,6
4,26,2
4,27,3
4,36,2
4,28,2
4,38,2
4,8,1
4,22,1
4,1,4
4,48,3
4,3,4
4,43,2
4,9,2
4,4,3
4,40,3
4,29,1
4,5,4
4,2,3
4,41,3
4,44,1
4,12,3
4,11,3
4,23,3
4,17,2
4,20,2
4,39,2
4,13,2
4,47,2
4,24,1
4,45,1
4,42,1
4,37,2
4,14,3
4,46,2
4,30,2
4,6,2
5,37,2
5,29,3
5,27,3
5,13,4
5,43,1
5,15,5
5,1,3
5,10,6
5,2,4
5,9,2
5,20,2
5,11,5
5,26,3
5,41,1
5,4,4
5,44,2
5,42,3
5,25,4
5,22,3
5,16,3
5,8,1
5,23,4
5,5,2
5,14,3
5,40,2
5,28,1
5,17,2
5,12,5
5,38,1
5,48,1
5,39,2
5,47,1
5,24,2
5,46,2
5,36,1
5,18,1
5,6,1
5,45,1
5,3,2
5,19,1
5,7,1
6,26,2
6,25,3
6,12,1
6,10,4
6,9,5
6,27,2
6,8,2
6,45,2
6,20,2
6,36,1
6,42,3
6,5,5
6,37,3
6,41,3
6,1,1
6,4,4
6,43,1
6,47,1
6,7,4
6,14,3
6,24,6
6,38,1
6,29,2
6,2,3
6,11,5
6,22,2
6,44,3
6,28,4
6,39,2
6,40,3
6,15,3
6,23,5
6,13,1
6,19,1
6,3,2
6,17,1
6,6,1
6,18,1
6,16,2
7,36,4
7,13,4
7,9,3
7,14,3
7,25,5
7,29,2
7,5,4
7,40,3
7,1,3
7,6,3
7,26,3
7,8,2
7,44,1
7,23,1
7,4,5
7,15,4
7,17,2
7,16,3
7,37,2
7,28,2
7,45,1
7,11,2
7,48,2
7,38,2
7,22,4
7,43,3
7,47,3
7,30,1
7,41,2
7,39,1
7,12,1
7,21,2
7,27,2
7,3,2
7,19,1
7,20,4
7,42,1
7,18,1
7,10,3
7,24,1
7,2,2
8,15,5
8,12,2
8,3,4
8,14,6
8,10,5
8,46,3
8,1,6
8,45,1
8,41,2
8,13,5
8,44,2
8,40,2
8,9,7
8,26,2
8,16,7
8,6,2
8,29,1
8,38,1
8,19,1
8,11,4
8,25,2
8,37,3
8,5,3
8,28,2
8,8,1
8,39,1
8,30,2
8,4,3
8,36,1
8,42,2
8,21,2
8,20,3
8,22,2
8,23,1
8,27,1
8,24,1
8,17,1
8,7,1
9,39,3
9,2,6
9,11,4
9,13,1
9,15,4
9,8,1
9,28,2
9,9,6
9,20,3
9,12,1
9,4,3
9,25,4
9,3,3
9,40,3
9,16,5
9,30,1
9,45,2
9,14,3
9,21,2
9,10,3
9,41,4
9,23,3
9,22,2
9,18,2
9,44,2
9,43,1
9,17,2
9,26,2
9,37,2
9,38,3
9,7,1
9,48,2
9,24,2
9,46,1
9,5,4
9,6,2
9,36,2
9,42,1
9,47,1
9,27,1
10,45,1
10,8,3
10,9,4
10,13,4
10,23,3
10,1,3
10,16,7
10,27,3
10,4,4
10,6,5
10,24,3
10,11,5
10,12,4
10,44,3
10,36,2
10,10,3
10,46,1
10,48,2
10,14,4
10,21,1
10,20,4
10,47,2
10,5,3
10,37,2
10,2,1
10,29,2
10,25,3
10,18,1
10,15,2
10,26,5
10,3,3
10,40,1
10,41,2
10,43,1
10,22,2
10,39,1
11,23,4
11,1,4
11,7,1
11,13,5
11,20,3
11,28,1
11,14,5
11,4,6
11,26,6
11,15,3
11,46,3
11,16,2
11,6,2
11,41,6
11,36,4
11,10,4
11,37,3
11,21,2
11,27,1
11,22,2
11,9,3
11,40,2
11,25,3
11,5,3
11,39,4
11,48,2
11,12,4
11,3,1
11,38,2
11,2,2
11,43,1
11,42,1
11,8,2
11,11,1
11,29,1
11,30,1
12,11,4
12,44,5
12,28,2
12,36,2
12,1,2
12,48,2
12,10,5
12,23,4
12,45,2
12,25,4
12,29,2
12,9,4
12,4,4
12,38,4
12,20,1
12,40,2
12,12,2
12,43,2
12,22,4
12,27,2
12,16,5
12,26,3
12,3,3
12,37,2
12,24,2
12,39,2
12,5,3
12,13,4
12,18,1
12,8,2
12,17,1
12,14,2
12,15,4
12,21,1
12,42,1
12,46,1
12,30,2
12,2,1
12,6,1
13,22,3
13,4,4
13,20,4
13,9,5
13,5,3
13,44,3
13,14,5
13,29,3
13,16,5
13,23,7
13,40,1
13,27,3
13,17,2
13,47,1
13,3,3
13,12,2
13,43,2
13,24,1
13,2,5
13,10,6
13,46,1
13,48,1
13,41,7
13,26,3
13,11,3
13,25,1
13,1,2
13,7,2
13,8,1
13,36,1
13,42,2
13,15,2
13,28,2
13,21,1
13,39,2
13,45,1
14,15,4
14,5,6
14,41,5
14,1,1
14,43,3
14,30,1
14,23,7
14,24,3
14,44,2
14,14,3
14,25,6
14,21,3
14,29,3
14,4,5
14,36,1
14,13,4
14,22,3
14,7,2
14,28,2
14,10,6
14,40,1
14,16,3
14,2,2
14,3,4
14,17,1
14,20,2
14,47,1
14,27,1
14,12,3
14,8,2
14,6,1
14,9,1
14,11,3
14,37,2
14,42,1
14,46,1
14,19,1
15,15,5
15,27,1
15,13,3
15,9,3
15,10,4
15,37,5
15,23,5
15,21,2
15,42,3
15,3,2
15,2,2
15,6,1
15,26,3
15,20,3
15,47,1
15,12,3
15,16,5
15,1,2
15,14,3
15,30,1
15,25,3
15,19,2
15,8,3
15,45,3
15,43,2
15,22,2
15,41,5
15,29,1
15,11,5
15,4,3
15,24,2
15,5,4
15,36,2
15,46,2
15,48,2
15,39,2
16,22,3
16,8,2
16,40,2
16,23,7
16,3,4
16,5,4
16,39,1
16,41,5
16,10,4
16,25,4
16,6,3
16,45,3
16,15,3
16,43,1
16,4,5
16,44,3
16,38,3
16,26,3
16,16,2
16,37,2
16,21,1
16,13,4
16,7,1
16,47,3
16,36,1
16,2,2
16,20,5
16,48,1
16,29,1
16,27,2
16,14,3
16,46,1
16,11,2
16,1,3
16,9,2
16,12,2
16,17,1
16,24,1
17,16,4
17,5,3
17,6,2
17,22,6
17,9,6
17,1,4
17,30,1
17,7,2
17,20,3
17,23,5
17,2,4
17,48,2
17,28,2
17,25,4
17,46,2
17,13,2
17,4,4
17,12,2
17,36,3
17,24,2
17,40,2
17,42,2
17,8,1
17,18,2
17,11,3
17,39,2
17,17,1
17,44,3
17,19,1
17,21,1
17,27,2
17,26,2
17,15,2
17,38,4
17,14,1
17,43,1
17,47,1
17,10,3
17,45,1
17,3,1
17,37,1
18,16,4
18,26,3
18,9,2
18,43,4
18,23,2
18,22,6
18,39,1
18,41,4
18,4,2
18,2,5
18,24,2
18,14,2
18,37,2
18,48,3
18,30,2
18,5,2
18,44,2
18,12,5
18,25,3
18,17,2
18,38,4
18,40,3
18,3,2
18,13,6
18,10,2
18,46,1
18,47,3
18,1,6
18,45,1
18,20,1
18,36,1
18,15,3
18,42,2
18,8,1
18,11,3
18,18,1
18,28,1
18,27,1
19,37,3
19,41,3
19,20,5
19,17,2
19,29,3
19,4,6
19,12,1
19,16,6
19,9,3
19,14,5
19,5,3
19,36,2
19,45,2
19,11,2
19,18,1
19,3,4
19,2,2
19,19,3
19,26,6
19,25,4
19,40,2
19,13,2
19,39,2
19,10,3
19,28,2
19,8,3
19,15,3
19,43,1
19,46,2
19,22,5
19,24,1
19,7,1
19,23,1
19,44,1
19,42,1
19,30,1
19,6,2
19,47,1
20,9,5
20,25,2
20,4,3
20,13,2
20,15,4
20,12,5
20,48,2
20,45,5
20,40,4
20,22,2
20,26,3
20,20,3
20,6,2
20,41,2
20,16,5
20,23,3
20,44,1
20,37,2
20,3,5
20,2,3
20,1,5
20,10,2
20,8,1
20,36,2
20,11,2
20,7,2
20,30,3
20,18,4
20,17,2
20,29,3
20,46,1
20,24,1
20,39,2
20,28,2
20,47,1
20,27,1
20,21,1
20,5,1
20,38,1
21,39,3
21,15,4
21,25,3
21,13,5
21,26,4
21,11,3
21,22,2
21,45,3
21,1,4
21,41,5
21,28,1
21,3,4
21,12,5
21,27,2
21,9,1
21,17,2
21,47,3
21,2,3
21,16,4
21,10,5
21,14,2
21,20,3
21,23,5
21,21,3
21,18,2
21,44,1
21,5,4
21,6,1
21,42,3
21,4,2
21,37,2
21,19,1
21,8,1
21,48,1
21,7,1
21,36,1
21,38,1
22,5,7
22,23,5
22,4,5
22,9,4
22,1,5
22,8,1
22,38,3
22,22,6
22,2,6
22,13,3
22,43,4
22,16,5
22,11,5
22,18,2
22,47,2
22,26,3
22,41,5
22,7,1
22,25,3
22,10,5
22,6,3
22,14,3
22,40,1
22,28,2
22,39,2
22,46,2
22,17,1
22,30,1
22,36,1
22,19,1
22,20,1
22,12,1
22,15,1
23,26,4
23,2,6
23,19,1
23,7,2
23,39,3
23,3,2
23,41,3
23,36,1
23,43,2
23,13,2
23,29,6
23,37,5
23,9,4
23,10,3
23,18,1
23,22,2
23,17,2
23,15,3
23,42,2
23,11,3
23,16,3
23,24,1
23,12,1
23,27,4
23,25,4
23,4,3
23,14,4
23,38,1
23,1,3
23,8,2
23,23,3
23,40,3
23,46,2
23,30,1
23,47,2
23,5,1
23,20,3
23,28,1
23,45,1
24,38,5
24,1,2
24,23,3
24,15,6
24,16,4
24,13,4
24,22,3
24,11,4
24,45,2
24,25,2
24,6,4
24,17,3
24,20,5
24,21,3
24,8,1
24,37,5
24,39,2
24,2,1
24,12,4
24,4,3
24,40,1
24,29,2
24,5,5
24,24,1
24,3,2
24,28,2
24,7,2
24,26,3
24,10,2
24,44,2
24,14,5
24,48,3
24,27,1
24,41,2
24,9,1
25,42,2
25,46,3
25,11,5
25,22,6
25,27,2
25,9,2
25,8,3
25,20,6
25,16,5
25,5,4
25,36,3
25,1,4
25,38,2
25,15,4
25,48,5
25,4,1
25,3,3
25,2,2
25,45,1
25,12,3
25,40,3
25,13,2
25,44,1
25,18,1
25,29,1
25,26,4
25,43,3
25,23,4
25,25,1
25,24,3
25,7,2
25,41,2
25,28,1
25,37,3
25,6,1
25,10,1
25,14,1
26,19,5
26,42,2
26,3,2
26,2,3
26,23,6
26,16,7
26,25,2
26,12,4
26,5,2
26,22,3
26,4,6
26,44,3
26,30,2
26,24,2
26,20,5
26,10,2
26,13,4
26,15,2
26,18,2
26,9,2
26,36,5
26,14,2
26,41,3
26,43,2
26,48,2
26,17,1
26,40,1
26,7,2
26,38,1
26,26,1
26,8,1
26,37,2
26,11,1
26,46,1
26,29,1
26,1,1
26,6,2
26,28,2
26,39,1
26,27,1
26,47,1
27,24,1
27,2,3
27,22,4
27,5,7
27,15,1
27,12,6
27,3,5
27,30,2
27,44,3
27,8,3
27,46,3
27,41,3
27,1,3
27,28,1
27,4,2
27,26,5
27,39,3
27,45,3
27,9,4
27,6,1
27,42,4
27,10,4
27,43,3
27,36,1
27,25,5
27,11,2
27,16,3
27,13,2
27,14,1
27,23,3
27,7,3
27,40,1
27,20,1
27,47,1
27,27,2
27,21,1
28,8,2
28,29,2
28,25,3
28,9,5
28,12,5
28,38,2
28,16,2
28,26,4
28,36,1
28,45,3
28,24,2
28,47,2
28,1,4
28,5,5
28,2,4
28,39,1
28,17,2
28,14,2
28,40,1
28,4,3
28,3,3
28,10,4
28,28,2
28,21,1
28,41,2
28,15,5
28,13,4
28,46,2
28,22,3
28,18,2
28,6,3
28,27,3
28,48,1
28,37,1
28,11,2
28,43,1
28,20,2
28,23,1
28,7,1
28,44,2
29,17,2
29,16,4
29,48,1
29,20,4
29,14,3
29,25,2
29,45,3
29,23,4
29,41,6
29,43,3
29,5,6
29,21,2
29,9,1
29,29,3
29,3,3
29,11,6
29,38,2
29,10,4
29,13,3
29,12,3
29,26,4
29,37,2
29,42,1
29,27,3
29,6,1
29,46,2
29,1,2
29,4,2
29,22,2
29,15,3
29,47,3
29,8,2
29,28,3
29,2,2
29,36,1
29,44,1
29,18,1
30,15,3
30,39,5
30,7,2
30,9,3
30,13,5
30,16,4
30,23,3
30,5,3
30,40,1
30,30,1
30,14,4
30,26,4
30,10,2
30,36,4
30,25,4
30,19,2
30,4,6
30,8,1
30,11,5
30,3,3
30,29,3
30,2,2
30,37,2
30,18,1
30,1,3
30,44,2
30,24,2
30,12,6
30,27,4
30,20,2
30,48,1
30,22,1
30,21,1
30,46,3
30,28,1
30,47,1
31,38,2
31,21,3
31,2,5
31,42,3
31,37,2
31,41,3
31,23,3
31,44,4
31,7,3
31,40,4
31,28,1
31,24,2
31,30,1
31,17,2
31,20,6
31,12,3
31,25,4
31,10,3
31,3,4
31,1,2
31,11,2
31,22,3
31,46,1
31,14,1
31,26,4
31,9,2
31,5,2
31,4,3
31,43,2
31,19,2
31,16,6
31,15,3
31,13,2
31,8,1
31,36,1
31,27,1
31,39,1
31,29,1
31,48,1
31,47,1
32,8,2
32,20,3
32,3,2
32,1,5
32,43,3
32,12,5
32,16,4
32,23,3
32,39,2
32,5,4
32,46,6
32,13,5
32,11,3
32,29,1
32,45,1
32,7,3
32,10,4
32,48,5
32,22,2
32,2,2
32,41,6
32,27,1
32,18,2
32,28,1
32,9,2
32,25,3
32,26,3
32,37,2
32,42,1
32,15,2
32,14,2
32,47,2
32,6,2
32,4,2
32,24,1
32,40,1
32,38,1
32,21,1
33,1,6
33,23,3
33,4,5
33,16,7
33,11,1
33,3,5
33,13,5
33,20,3
33,39,2
33,12,2
33,10,3
33,14,5
33,15,6
33,26,3
33,7,5
33,24,1
33,25,2
33,45,1
33,44,3
33,19,2
33,37,3
33,38,1
33,46,2
33,43,2
33,40,4
33,8,3
33,2,1
33,5,3
33,41,2
33,6,1
33,36,1
33,9,2
33,47,1
33,22,1
33,18,1
33,21,1
33,17,1
34,16,6
34,36,2
34,22,6
34,6,4
34,25,1
34,3,5
34,4,6
34,23,1
34,38,2
34,11,5
34,9,5
34,39,2
34,7,3
34,5,5
34,43,2
34,15,4
34,14,3
34,48,1
34,2,3
34,45,2
34,20,3
34,12,3
34,44,1
34,1,1
34,28,2
34,37,1
34,26,1
34,10,2
34,17,1
34,8,2
34,40,1
34,24,2
34,13,4
34,27,2
34,21,2
34,47,2
34,41,1
34,19,1
35,25,6
35,28,1
35,9,4
35,21,4
35,37,3
35,22,4
35,47,1
35,16,2
35,13,5
35,1,3
35,5,3
35,23,4
35,26,2
35,44,2
35,36,2
35,39,5
35,20,3
35,19,1
35,11,2
35,2,4
35,30,1
35,43,3
35,15,3
35,14,3
35,3,3
35,45,1
35,41,4
35,29,1
35,8,2
35,10,2
35,6,4
35,12,1
35,48,1
35,4,2
35,17,1
35,18,1
35,27,1
35,42,1
35,24,1
35,7,1
35,46,1
35,38,1
36,8,3
36,36,4
36,16,4
36,42,1
36,44,4
36,9,4
36,48,1
36,3,3
36,39,3
36,29,2
36,24,1
36,12,2
36,41,5
36,45,5
36,7,3
36,1,2
36,23,3
36,6,4
36,25,2
36,20,5
36,15,7
36,10,2
36,43,1
36,27,3
36,2,5
36,28,1
36,11,3
36,37,3
36,18,1
36,4,2
36,21,1
36,14,2
36,26,1
36,13,3
36,46,1
36,40,1
36,47,1
36,17,1
37,25,2
37,37,2
37,4,5
37,9,3
37,16,2
37,7,1
37,26,3
37,27,4
37,41,5
37,22,7
37,11,4
37,3,5
37,24,3
37,30,1
37,19,1
37,15,1
37,39,3
37,42,3
37,6,2
37,28,1
37,18,3
37,20,5
37,10,3
37,23,3
37,8,2
37,13,1
37,17,1
37,14,4
37,45,3
37,36,2
37,12,1
37,46,1
37,43,1
37,1,3
37,38,2
37,5,3
37,21,1
37,29,1
37,40,1
37,44,1
38,26,6
38,2,2
38,4,4
38,20,6
38,30,2
38,28,2
38,6,3
38,27,2
38,12,5
38,3,4
38,13,5
38,25,4
38,23,4
38,22,2
38,5,3
38,39,3
38,16,5
38,17,1
38,37,3
38,45,2
38,46,1
38,1,2
38,11,3
38,14,2
38,10,4
38,44,3
38,7,2
38,21,1
38,24,2
38,36,1
38,19,2
38,9,4
38,41,1
38,38,1
38,47,1
38,42,1
38,8,1
39,30,1
39,1,4
39,5,5
39,40,4
39,20,4
39,14,4
39,13,6
39,39,3
39,22,4
39,28,5
39,7,2
39,16,6
39,18,2
39,12,5
39,48,1
39,45,2
39,2,2
39,9,3
39,3,2
39,44,3
39,41,4
39,6,3
39,24,1
39,21,1
39,23,3
39,29,3
39,15,3
39,43,1
39,4,4
39,36,1
39,11,1
39,8,1
39,25,2
39,26,2
39,42,2
40,2,6
40,46,2
40,14,5
40,3,4
40,41,5
40,27,2
40,43,3
40,10,3
40,7,1
40,37,2
40,29,3
40,16,5
40,20,3
40,15,4
40,25,2
40,26,3
40,36,3
40,9,2
40,42,1
40,22,3
40,45,4
40,38,1
40,18,2
40,5,2
40,39,1
40,13,4
40,21,2
40,19,2
40,23,2
40,11,2
40,17,1
40,4,3
40,1,1
40,47,2
40,12,2
40,8,2
40,6,2
40,30,1
40,40,1
40,24,1
41,9,3
41,3,4
41,10,6
41,23,3
41,12,6
41,37,5
41,11,2
41,1,2
41,4,8
41,5,2
41,42,2
41,24,6
41,36,2
41,20,3
41,13,3
41,16,3
41,26,3
41,7,1
41,2,3
41,22,4
41,39,3
41,29,2
41,46,2
41,25,3
41,19,1
41,40,3
41,21,1
41,6,3
41,47,1
41,38,1
41,45,3
41,8,2
41,27,1
41,44,1
41,43,1
41,28,1
42,43,2
42,1,6
42,25,4
42,41,1
42,45,3
42,38,2
42,16,4
42,2,6
42,3,4
42,4,4
42,22,3
42,36,2
42,27,1
42,28,1
42,12,1
42,24,2
42,40,2
42,14,5
42,5,3
42,20,4
42,48,3
42,26,3
42,37,1
42,11,3
42,8,1
42,13,3
42,9,2
42,30,3
42,39,2
42,42,1
42,7,2
42,10,3
42,21,1
42,17,2
42,6,1
42,44,1
42,15,2
42,47,1
42,23,2
42,46,1
42,29,2
43,23,2
43,2,3
43,1,4
43,22,3
43,44,3
43,16,6
43,38,5
43,26,3
43,18,1
43,5,2
43,45,1
43,29,1
43,12,4
43,36,1
43,3,3
43,43,1
43,4,5
43,42,2
43,10,4
43,15,4
43,14,2
43,30,2
43,17,2
43,46,3
43,40,1
43,25,4
43,28,2
43,39,3
43,48,1
43,27,4
43,11,3
43,13,4
43,41,1
43,24,1
43,20,5
43,37,1
43,9,2
43,6,1
44,11,5
44,3,4
44,28,4
44,43,2
44,22,4
44,46,1
44,38,1
44,39,2
44,45,2
44,12,6
44,6,2
44,10,3
44,9,2
44,41,6
44,23,4
44,36,3
44,21,3
44,7,2
44,15,5
44,20,2
44,25,3
44,2,3
44,1,4
44,42,1
44,26,2
44,13,3
44,16,3
44,44,2
44,4,2
44,5,2
44,14,2
44,19,1
44,47,2
44,8,2
44,17,1
44,27,2
44,29,1
44,40,1
45,27,2
45,12,5
45,16,8
45,14,6
45,13,1
45,20,4
45,15,3
45,1,2
45,5,4
45,4,4
45,9,2
45,46,4
45,39,2
45,10,3
45,29,2
45,11,4
45,24,3
45,40,2
45,6,2
45,25,3
45,26,1
45,36,1
45,2,4
45,8,5
45,23,2
45,30,2
45,28,1
45,37,2
45,43,2
45,19,2
45,7,1
45,22,2
45,17,1
45,42,1
45,18,1
45,3,2
45,41,1
45,21,1
45,44,2
46,13,1
46,2,4
46,16,7
46,1,6
46,23,4
46,22,3
46,37,1
46,20,3
46,3,5
46,7,3
46,27,3
46,38,1
46,41,5
46,8,3
46,25,4
46,9,4
46,24,3
46,42,1
46,5,2
46,45,2
46,14,3
46,4,2
46,11,3
46,19,1
46,10,4
46,43,3
46,15,3
46,26,2
46,12,1
46,17,2
46,48,1
46,29,1
46,28,2
46,40,1
46,44,2
46,47,1
46,30,1
46,18,1
46,6,1
47,9,3
47,23,3
47,14,4
47,13,5
47,21,3
47,8,6
47,25,2
47,5,2
47,26,7
47,18,2
47,36,1
47,41,4
47,24,2
47,1,4
47,43,3
47,29,1
47,2,3
47,28,1
47,10,5
47,4,1
47,38,3
47,12,5
47,3,3
47,20,2
47,39,2
47,47,1
47,7,2
47,44,3
47,15,4
47,40,3
47,22,1
47,48,1
47,45,1
47,19,1
47,37,1
47,11,2
47,27,1
47,16,1
47,42,1
48,39,4
48,3,4
48,9,4
48,11,5
48,45,2
48,23,3
48,4,4
48,37,1
48,14,3
48,16,5
48,18,1
48,12,5
48,15,2
48,7,2
48,10,3
48,5,3
48,1,2
48,41,3
48,2,4
48,46,2
48,26,3
48,43,1
48,25,3
48,48,3
48,6,1
48,29,1
48,17,3
48,40,1
48,36,3
48,20,3
48,13,3
48,8,2
48,21,2
48,19,1
48,27,3
48,44,2
48,24,1
48,22,1
48,38,1
49,28,2
49,48,2
49,9,8
49,23,5
49,27,5
49,7,2
49,43,3
49,12,5
49,40,5
49,5,5
49,22,3
49,25,8
49,37,1
49,36,3
49,8,3
49,44,1
49,4,1
49,46,1
49,11,3
49,13,3
49,38,2
49,15,2
49,26,3
49,6,2
49,1,3
49,3,4
49,16,1
49,2,4
49,14,2
49,39,1
49,41,2
49,20,1
49,24,2
49,10,1
49,45,1
50,48,3
50,37,3
50,12,5
50,7,2
50,39,2
50,46,5
50,14,5
50,44,2
50,18,1
50,26,6
50,16,4
50,6,2
50,5,3
50,20,5
50,1,2
50,36,2
50,2,5
50,41,4
50,38,1
50,43,1
50,24,2
50,9,3
50,22,2
50,3,2
50,23,6
50,21,2
50,29,1
50,17,3
50,11,1
50,27,3
50,13,2
50,15,3
50,45,1
50,28,1
50,42,1
50,25,1
50,4,1
50,8,1
50,10,1
51,36,3
51,22,3
51,6,2
51,5,4
51,18,3
51,39,3
51,46,3
51,45,1
51,4,3
51,41,6
51,2,2
51,14,5
51,20,1
51,24,1
51,19,1
51,9,3
51,40,2
51,8,3
51,11,3
51,44,4
51,3,3
51,12,4
51,30,3
51,16,4
51,21,3
51,23,2
51,48,2
51,26,3
51,1,3
51,17,1
51,37,2
51,25,5
51,28,2
51,43,1
51,13,2
51,42,2
51,29,1
51,10,1
52,9,3
52,27,1
52,25,4
52,15,5
52,12,3
52,4,2
52,43,3
52,42,3
52,11,2
52,13,4
52,24,4
52,16,4
52,36,2
52,8,2
52,41,4
52,26,3
52,19,2
52,7,3
52,21,3
52,44,2
52,20,2
52,14,2
52,2,5
52,5,4
52,45,2
52,3,2
52,10,2
52,40,1
52,1,2
52,6,3
52,18,1
52,48,4
52,22,3
52,46,1
52,47,1
52,28,1
52,23,3
52,29,1
52,39,1
53,16,3
53,23,3
53,9,3
53,18,3
53,2,3
53,14,3
53,47,3
53,6,2
53,24,2
53,44,3
53,28,3
53,22,3
53,25,6
53,30,2
53,21,2
53,15,5
53,3,3
53,10,5
53,26,3
53,11,2
53,12,3
53,4,2
53,40,3
53,5,5
53,41,1
53,36,2
53,29,1
53,13,2
53,39,1
53,1,3
53,27,2
53,19,1
53,42,3
53,48,2
53,8,1
53,45,1
53,7,3
53,37,1
53,43,1
54,2,4
54,20,3
54,45,3
54,22,4
54,6,3
54,26,4
54,10,4
54,36,3
54,8,3
54,28,2
54,37,2
54,9,3
54,46,2
54,16,4
54,19,1
54,43,1
54,41,5
54,40,1
54,44,3
54,4,2
54,25,5
54,12,3
54,24,2
54,11,3
54,42,1
54,38,3
54,23,2
54,14,2
54,5,2
54,13,3
54,1,2
54,39,2
54,27,2
54,15,2
54,3,3
54,30,1
54,48,1
54,21,2
54,29,1
54,18,1
55,16,8
55,10,7
55,23,2
55,40,4
55,28,1
55,5,3
55,41,3
55,27,2
55,43,2
55,6,2
55,13,3
55,25,3
55,1,2
55,22,5
55,2,5
55,45,3
55,12,4
55,4,5
55,11,4
55,29,1
55,15,3
55,9,4
55,24,2
55,37,2
55,17,1
55,42,1
55,46,3
55,38,2
55,30,1
55,8,1
55,26,4
55,47,1
55,44,2
55,20,1
55,3,1
55,39,1
55,18,1
56,23,3
56,36,5
56,28,2
56,15,3
56,18,2
56,22,6
56,25,1
56,4,5
56,44,1
56,21,3
56,16,7
56,38,2
56,5,2
56,3,4
56,41,5
56,26,4
56,30,1
56,7,5
56,37,1
56,43,2
56,40,1
56,48,1
56,10,2
56,27,2
56,1,2
56,45,4
56,14,3
56,39,2
56,29,2
56,6,2
56,12,3
56,9,1
56,17,1
56,24,2
56,2,2
56,8,1
56,20,1
56,13,2
56,42,1
56,11,1
57,1,5
57,13,5
57,15,4
57,2,7
57,43,4
57,10,3
57,20,3
57,5,4
57,12,6
57,46,1
57,21,3
57,3,4
57,14,4
57,4,4
57,37,2
57,44,3
57,29,2
57,24,2
57,38,3
57,7,2
57,26,2
57,16,6
57,11,3
57,47,2
57,42,1
57,9,3
57,8,2
57,25,3
57,39,1
57,18,1
57,6,1
57,40,1
57,22,1
57,28,1
57,36,1
58,5,5
58,38,3
58,13,4
58,4,4
58,16,7
58,14,4
58,3,2
58,9,3
58,45,3
58,10,3
58,27,3
58,43,4
58,40,2
58,8,1
58,48,2
58,25,5
58,15,4
58,2,1
58,22,3
58,20,5
58,21,1
58,11,3
58,41,3
58,37,4
58,23,1
58,18,2
58,26,3
58,1,4
58,47,1
58,46,2
58,36,1
58,24,3
58,42,1
58,44,1
58,28,2
59,2,2
59,13,3
59,6,2
59,9,5
59,20,4
59,37,3
59,26,7
59,29,2
59,21,2
59,15,3
59,46,4
59,14,5
59,5,5
59,22,4
59,30,1
59,23,5
59,4,2
59,45,2
59,40,2
59,10,2
59,24,3
59,41,2
59,47,2
59,43,2
59,12,1
59,48,1
59,27,3
59,25,3
59,18,1
59,11,4
59,1,2
59,16,2
59,7,3
59,3,4
59,8,1
59,44,1
60,6,3
60,41,4
60,43,1
60,8,3
60,9,6
60,1,4
60,23,6
60,26,3
60,16,5
60,20,4
60,2,2
60,13,6
60,5,1
60,46,1
60,22,4
60,45,1
60,15,5
60,10,4
60,4,1
60,12,5
60,44,1
60,3,4
60,24,1
60,39,1
60,40,4
60,38,4
60,48,2
60,14,3
60,25,3
60,42,3
60,11,1
60,36,1
60,30,1
60,27,1
60,29,1
61,1,2
61,12,6
61,5,4
61,11,7
61,40,2
61,37,1
61,26,4
61,42,2
61,16,3
61,22,4
61,27,1
61,14,3
61,21,1
61,15,2
61,39,2
61,13,2
61,9,4
61,25,3
61,47,3
61,36,3
61,19,1
61,4,5
61,2,3
61,46,1
61,18,2
61,44,2
61,6,2
61,43,2
61,41,3
61,20,4
61,30,2
61,10,2
61,17,1
61,23,2
61,8,3
61,48,2
61,29,1
61,24,1
61,3,1
61,28,1
62,10,6
62,23,4
62,14,3
62,9,3
62,26,6
62,22,3
62,25,3
62,43,2
62,16,7
62,38,2
62,8,2
62,28,2
62,45,3
62,3,4
62,6,2
62,11,2
62,48,2
62,44,3
62,7,1
62,2,4
62,37,3
62,17,3
62,40,2
62,21,1
62,13,2
62,41,5
62,27,1
62,12,3
62,15,3
62,24,3
62,4,1
62,42,1
62,19,1
62,5,2
62,46,1
62,18,1
62,30,1
62,1,1
62,39,1
63,20,7
63,7,3
63,11,4
63,41,5
63,19,1
63,13,6
63,15,2
63,43,1
63,28,3
63,3,7
63,2,4
63,22,4
63,14,4
63,42,3
63,5,5
63,6,1
63,40,2
63,4,3
63,27,1
63,1,2
63,36,4
63,46,3
63,18,1
63,9,2
63,47,1
63,12,4
63,23,5
63,10,2
63,8,1
63,26,2
63,38,1
63,37,2
63,16,2
63,25,1
63,21,1
64,9,5
64,26,8
64,45,3
64,37,2
64,1,4
64,8,3
64,41,4
64,3,4
64,29,2
64,28,3
64,21,2
64,12,3
64,16,3
64,11,5
64,10,3
64,2,3
64,17,2
64,25,3
64,14,4
64,7,1
64,36,3
64,4,3
64,20,1
64,15,3
64,5,2
64,18,1
64,39,1
64,48,3
64,22,2
64,40,1
64,43,1
64,13,3
64,46,2
64,6,2
64,23,2
64,47,1
64,24,1
64,44,1
65,7,4
65,42,2
65,37,1
65,15,3
65,23,4
65,8,4
65,44,3
65,3,4
65,2,2
65,11,7
65,22,3
65,45,3
65,25,4
65,21,1
65,41,1
65,10,3
65,9,4
65,12,5
65,14,6
65,28,3
65,30,2
65,16,5
65,13,3
65,48,3
65,43,3
65,20,3
65,46,1
65,27,1
65,26,2
65,40,1
65,36,1
65,38,1
65,1,2
65,5,1
65,24,2
65,6,1
65,29,1
66,5,4
66,44,1
66,39,3
66,4,5
66,38,3
66,42,2
66,14,3
66,10,3
66,25,4
66,7,2
66,26,3
66,9,4
66,41,3
66,3,4
66,1,7
66,8,2
66,36,1
66,37,3
66,2,4
66,28,2
66,13,5
66,19,1
66,46,3
66,43,2
66,15,2
66,11,2
66,12,3
66,40,4
66,23,1
66,17,2
66,18,1
66,6,1
66,24,2
66,45,2
66,20,3
66,27,1
66,21,1
66,48,1
67,8,3
67,27,1
67,14,4
67,36,1
67,12,2
67,13,4
67,37,2
67,16,7
67,1,3
67,2,1
67,9,4
67,22,5
67,3,5
67,10,4
67,4,2
67,41,5
67,6,3
67,43,3
67,45,4
67,17,2
67,44,1
67,28,2
67,15,1
67,30,1
67,25,3
67,46,1
67,11,4
67,20,4
67,38,2
67,26,2
67,23,3
67,29,1
67,42,2
67,5,2
67,40,2
67,7,1
67,39,1
67,18,1
67,24,1
68,28,4
68,12,5
68,42,2
68,37,3
68,17,1
68,1,7
68,40,2
68,2,5
68,25,3
68,9,4
68,8,2
68,24,2
68,6,1
68,7,4
68,5,5
68,4,3
68,22,2
68,47,1
68,3,3
68,10,5
68,38,2
68,29,2
68,20,5
68,39,2
68,15,5
68,16,3
68,41,3
68,43,2
68,14,4
68,13,2
68,36,2
68,48,1
68,23,1
68,30,1
68,44,1
69,11,6
69,4,4
69,45,3
69,15,6
69,46,4
69,2,1
69,39,3
69,12,5
69,14,3
69,1,4
69,10,3
69,44,2
69,16,5
69,37,2
69,3,5
69,13,2
69,18,2
69,42,3
69,48,1
69,40,1
69,9,3
69,26,2
69,5,3
69,41,3
69,36,1
69,25,2
69,38,3
69,7,3
69,23,3
69,22,2
69,20,3
69,29,1
69,6,1
69,28,1
69,24,1
69,17,1
69,43,1
69,27,1
70,17,2
70,4,5
70,22,4
70,48,1
70,36,2
70,6,3
70,30,2
70,25,5
70,21,2
70,47,1
70,19,1
70,11,2
70,5,8
70,15,4
70,2,2
70,9,6
70,20,4
70,14,4
70,3,6
70,13,4
70,39,2
70,12,2
70,42,3
70,40,3
70,7,1
70,44,4
70,26,3
70,45,1
70,16,3
70,1,1
70,37,1
70,10,1
70,23,1
70,43,3
70,27,1
70,46,1
70,41,1
71,23,3
71,22,5
71,4,4
71,43,3
71,14,3
71,20,2
71,5,6
71,2,4
71,3,5
71,18,2
71,7,3
71,13,5
71,26,2
71,16,5
71,28,3
71,42,4
71,11,4
71,39,3
71,9,2
71,1,5
71,37,3
71,44,2
71,41,2
71,46,2
71,45,1
71,48,1
71,30,1
71,25,1
71,36,1
71,15,3
71,12,3
71,40,2
71,47,2
71,10,1
71,38,1
71,27,1
72,4,3
72,16,5
72,5,4
72,45,2
72,42,2
72,12,4
72,7,3
72,8,1
72,30,2
72,25,5
72,1,4
72,24,3
72,27,1
72,21,3
72,15,7
72,26,2
72,6,3
72,41,2
72,37,1
72,10,3
72,43,3
72,13,4
72,2,4
72,46,3
72,14,2
72,39,2
72,40,3
72,11,3
72,47,3
72,3,2
72,23,2
72,9,1
72,44,1
72,36,1
72,38,1
72,22,2
72,17,2
72,28,1
73,22,6
73,21,3
73,25,4
73,44,1
73,36,2
73,11,7
73,15,6
73,2,3
73,27,1
73,20,6
73,18,2
73,26,3
73,10,3
73,4,3
73,5,3
73,24,1
73,19,2
73,37,3
73,9,2
73,1,4
73,7,3
73,29,2
73,43,1
73,28,3
73,12,5
73,3,2
73,16,3
73,39,1
73,41,3
73,14,2
73,6,1
73,46,1
73,13,2
73,30,1
73,48,1
73,42,1
73,8,1
73,23,1
73,40,1
74,16,3
74,25,4
74,1,6
74,15,7
74,7,6
74,23,4
74,10,4
74,28,3
74,36,2
74,22,2
74,38,2
74,14,3
74,24,1
74,30,2
74,3,4
74,4,4
74,41,4
74,13,3
74,18,1
74,46,1
74,20,2
74,44,2
74,2,3
74,47,1
74,12,4
74,45,1
74,9,3
74,8,2
74,5,4
74,19,1
74,40,1
74,27,3
74,17,2
74,43,2
74,11,1
74,37,1
74,21,1
75,24,2
75,15,1
75,10,4
75,18,2
75,20,4
75,40,2
75,8,3
75,17,1
75,3,5
75,41,2
75,4,2
75,28,1
75,1,4
75,7,1
75,39,2
75,38,4
75,16,1
75,13,4
75,11,4
75,2,2
75,12,6
75,5,4
75,9,2
75,21,4
75,25,5
75,44,4
75,23,3
75,22,3
75,26,1
75,37,1
75,36,2
75,27,3
75,42,1
75,14,3
75,6,1
75,46,1
75,29,2
75,43,2
75,45,1
76,8,2
76,25,4
76,2,6
76,12,5
76,15,6
76,22,3
76,11,4
76,3,6
76,10,5
76,42,3
76,7,2
76,1,6
76,14,4
76,18,2
76,9,3
76,5,3
76,36,1
76,38,1
76,43,1
76,23,4
76,20,5
76,30,2
76,45,1
76,13,4
76,40,1
76,37,1
76,16,3
76,4,2
76,26,2
76,39,1
76,28,1
76,29,2
76,41,1
76,48,1
76,19,1
76,6,1
77,9,7
77,12,9
77,15,3
77,5,8
77,38,4
77,22,4
77,28,3
77,20,4
77,26,3
77,13,1
77,40,3
77,2,2
77,17,2
77,3,3
77,43,2
77,41,2
77,14,2
77,1,5
77,4,2
77,21,1
77,48,2
77,7,1
77,11,1
77,16,3
77,23,3
77,10,6
77,39,2
77,30,1
77,18,1
77,24,2
77,37,2
77,6,2
77,36,1
77,19,1
77,8,1
77,46,1
78,26,2
78,1,6
78,19,1
78,20,2
78,37,2
78,42,1
78,27,2
78,10,4
78,41,4
78,16,3
78,11,2
78,44,2
78,6,1
78,39,4
78,25,3
78,3,5
78,46,3
78,18,1
78,5,3
78,23,4
78,45,2
78,9,4
78,28,3
78,47,1
78,14,2
78,38,3
78,13,6
78,48,2
78,36,2
78,22,3
78,17,1
78,15,2
78,4,3
78,12,2
78,29,1
78,2,4
78,7,2
78,40,1
78,24,1
79,7,2
79,15,4
79,37,2
79,23,2
79,30,2
79,29,2
79,28,2
79,16,3
79,3,3
79,12,7
79,41,2
79,38,3
79,45,4
79,9,4
79,44,3
79,11,3
79,5,3
79,21,2
79,2,3
79,14,5
79,20,2
79,10,2
79,13,5
79,40,4
79,26,3
79,8,5
79,47,2
79,25,1
79,1,4
79,22,2
79,19,1
79,46,2
79,4,3
79,27,1
79,42,1
79,18,1
80,8,3
80,13,4
80,41,5
80,10,2
80,22,3
80,11,4
80,16,5
80,12,5
80,36,3
80,47,3
80,9,6
80,23,2
80,15,4
80,18,1
80,2,2
80,21,3
80,25,5
80,4,3
80,14,3
80,26,4
80,1,6
80,43,2
80,20,2
80,44,1
80,45,2
80,38,3
80,29,2
80,17,1
80,3,1
80,28,2
80,40,1
80,5,3
80,27,2
80,42,1
80,30,1
81,4,5
81,20,5
81,44,2
81,38,2
81,22,4
81,6,3
81,3,4
81,11,6
81,24,2
81,1,3
81,25,1
81,40,2
81,15,3
81,13,4
81,14,3
81,21,3
81,26,4
81,16,2
81,28,3
81,8,2
81,12,2
81,18,1
81,9,5
81,39,1
81,42,2
81,2,2
81,36,1
81,47,3
81,37,2
81,5,4
81,45,2
81,48,1
81,10,2
81,7,2
81,29,1
81,41,3
81,23,2
81,43,1
82,16,6
82,12,6
82,27,1
82,17,2
82,13,3
82,22,3
82,11,3
82,23,2
82,25,4
82,4,4
82,40,2
82,15,4
82,10,5
82,5,5
82,41,4
82,24,5
82,8,1
82,30,2
82,20,6
82,1,3
82,2,5
82,26,4
82,36,2
82,42,2
82,44,1
82,46,2
82,6,2
82,48,2
82,21,1
82,3,2
82,14,2
82,19,1
82,9,2
82,28,1
83,3,5
83,46,2
83,8,2
83,20,8
83,1,3
83,16,5
83,27,3
83,15,5
83,24,3
83,30,1
83,42,4
83,23,3
83,25,4
83,28,2
83,4,4
83,43,2
83,22,1
83,36,4
83,18,3
83,21,1
83,37,2
83,11,2
83,14,1
83,10,7
83,26,2
83,9,3
83,38,2
83,13,4
83,12,2
83,48,1
83,19,1
83,5,2
83,47,1
83,6,1
83,17,1
83,40,1
83,41,2
84,25,5
84,43,4
84,42,2
84,2,3
84,6,2
84,7,3
84,20,3
84,1,5
84,3,5
84,22,3
84,8,2
84,11,3
84,24,2
84,14,5
84,47,1
84,23,7
84,39,2
84,17,2
84,46,1
84,29,2
84,44,4
84,5,2
84,18,3
84,12,2
84,9,2
84,10,3
84,41,3
84,4,3
84,36,2
84,15,3
84,45,2
84,48,2
84,28,1
84,16,4
84,27,1
84,13,1
85,21,3
85,11,4
85,3,4
85,25,4
85,2,2
85,15,4
85,12,3
85,10,4
85,22,5
85,5,6
85,17,2
85,45,2
85,44,4
85,48,1
85,24,3
85,13,3
85,28,1
85,39,1
85,14,6
85,23,3
85,36,3
85,41,4
85,20,2
85,42,1
85,6,1
85,26,1
85,7,3
85,37,1
85,8,4
85,43,3
85,47,1
85,40,1
85,1,3
85,16,1
85,30,1
85,9,2
85,4,1
85,29,1
85,38,1
86,3,3
86,38,2
86,1,3
86,30,3
86,20,3
86,13,4
86,4,3
86,25,4
86,12,5
86,36,2
86,15,3
86,24,3
86,40,4
86,43,3
86,9,4
86,22,3
86,48,1
86,45,2
86,2,4
86,23,3
86,41,2
86,11,2
86,10,4
86,5,5
86,29,1
86,21,2
86,26,2
86,14,4
86,47,2
86,8,1
86,6,1
86,42,1
86,39,2
86,37,1
86,27,2
86,16,2
86,7,1
86,46,2
86,28,1
87,48,2
87,12,5
87,37,2
87,16,4
87,20,3
87,4,7
87,22,5
87,26,2
87,40,2
87,24,2
87,23,7
87,3,1
87,39,2
87,41,2
87,45,3
87,10,4
87,2,3
87,25,2
87,5,3
87,15,4
87,28,1
87,13,6
87,11,4
87,36,2
87,46,2
87,42,2
87,14,4
87,47,2
87,9,1
87,1,2
87,43,1
87,44,3
87,18,2
87,19,1
87,17,1
87,7,1
88,8,5
88,29,1
88,4,5
88,44,3
88,23,4
88,7,2
88,26,5
88,17,2
88,27,2
88,1,2
88,37,1
88,21,4
88,25,2
88,46,2
88,2,8
88,5,2
88,22,4
88,16,1
88,3,5
88,11,3
88,43,2
88,28,2
88,12,5
88,15,2
88,10,2
88,36,1
88,14,3
88,38,5
88,6,5
88,20,3
88,39,2
88,13,2
88,9,1
88,24,1
88,40,1
89,22,6
89,4,3
89,26,5
89,5,5
89,28,1
89,10,4
89,13,3
89,20,4
89,45,2
89,43,3
89,14,2
89,37,3
89,38,2
89,27,3
89,8,4
89,12,4
89,25,3
89,41,4
89,1,5
89,2,5
89,11,2
89,23,4
89,36,1
89,6,2
89,42,2
89,44,1
89,16,2
89,3,1
89,21,1
89,17,1
89,15,3
89,48,1
89,29,2
89,19,1
89,18,1
89,24,1
89,47,1
89,9,1
89,40,1
90,43,5
90,25,8
90,42,5
90,18,2
90,21,5
90,4,1
90,1,5
90,41,2
90,22,5
90,13,1
90,23,4
90,2,6
90,17,2
90,12,3
90,14,4
90,36,3
90,15,5
90,47,2
90,20,5
90,40,2
90,3,2
90,11,3
90,16,2
90,8,3
90,26,2
90,46,1
90,9,3
90,28,1
90,27,2
90,37,1
90,10,1
90,30,1
90,6,1
90,45,1
90,5,1
91,26,8
91,10,2
91,20,4
91,11,8
91,1,3
91,45,1
91,16,5
91,12,3
91,42,1
91,25,4
91,41,5
91,28,5
91,4,2
91,43,2
91,5,3
91,2,3
91,13,4
91,30,3
91,14,2
91,29,2
91,3,1
91,27,1
91,9,7
91,23,5
91,36,2
91,22,1
91,48,2
91,40,3
91,21,2
91,7,1
91,15,3
91,17,1
91,37,1
92,12,3
92,39,2
92,9,6
92,29,2
92,7,3
92,13,4
92,20,6
92,3,6
92,38,3
92,15,4
92,41,1
92,26,4
92,5,5
92,2,4
92,8,4
92,25,4
92,10,3
92,27,2
92,45,4
92,28,2
92,23,2
92,46,2
92,14,4
92,16,3
92,42,1
92,4,2
92,44,1
92,43,1
92,40,1
92,1,2
92,11,1
92,6,2
92,19,1
92,37,2
92,22,2
92,36,1
93,4,4
93,36,6
93,16,4
93,3,5
93,13,6
93,41,1
93,38,1
93,30,2
93,23,3
93,12,2
93,42,4
93,26,4
93,37,2
93,6,3
93,7,3
93,15,3
93,2,4
93,22,3
93,18,4
93,46,2
93,20,3
93,8,2
93,5,4
93,1,1
93,10,3
93,27,4
93,44,2
93,11,1
93,39,1
93,14,1
93,40,2
93,28,1
93,47,3
93,21,2
93,25,1
93,48,1
93,9,1
93,45,1
94,14,4
94,37,5
94,1,7
94,4,3
94,12,3
94,10,4
94,2,3
94,5,5
94,36,3
94,9,6
94,29,1
94,28,1
94,41,4
94,21,3
94,20,2
94,26,4
94,22,3
94,11,3
94,48,1
94,47,2
94,42,3
94,18,2
94,30,2
94,3,2
94,15,2
94,46,1
94,6,2
94,25,2
94,7,1
94,39,3
94,40,1
94,27,3
94,45,1
94,43,1
94,13,4
94,38,1
94,24,1
94,44,1
95,12,3
95,9,6
95,11,4
95,3,3
95,7,4
95,25,5
95,40,3
95,1,2
95,16,3
95,10,3
95,23,2
95,45,3
95,30,2
95,24,2
95,22,7
95,5,7
95,28,2
95,43,3
95,15,1
95,6,2
95,26,4
95,37,1
95,29,2
95,39,2
95,14,1
95,44,2
95,21,2
95,17,2
95,41,4
95,4,3
95,8,1
95,42,1
95,13,2
95,2,2
95,46,2
95,36,1
95,18,1
96,46,3
96,37,1
96,38,3
96,12,5
96,17,1
96,27,3
96,2,6
96,5,4
96,14,4
96,23,4
96,39,1
96,21,3
96,40,4
96,18,2
96,3,5
96,4,2
96,13,2
96,22,2
96,7,3
96,43,3
96,25,1
96,11,2
96,16,3
96,10,4
96,29,2
96,1,3
96,20,1
96,8,1
96,41,4
96,26,3
96,28,1
96,47,1
96,24,2
96,15,2
96,45,1
96,19,2
96,9,1
96,44,3
96,6,2
97,2,3
97,23,3
97,14,5
97,17,4
97,15,5
97,12,4
97,8,2
97,45,5
97,10,2
97,18,1
97,39,2
97,41,6
97,29,1
97,7,1
97,42,2
97,3,4
97,4,3
97,1,5
97,37,1
97,30,1
97,46,2
97,9,4
97,44,1
97,13,2
97,22,1
97,25,4
97,5,5
97,6,2
97,27,1
97,20,3
97,26,4
97,24,3
97,19,2
97,38,1
97,16,4
97,21,1
98,39,3
98,10,4
98,21,3
98,22,4
98,2,6
98,14,3
98,5,3
98,3,6
98,23,3
98,9,5
98,26,2
98,43,3
98,36,2
98,6,2
98,28,3
98,13,2
98,15,3
98,41,3
98,16,4
98,8,3
98,45,2
98,12,2
98,27,1
98,29,2
98,42,2
98,25,2
98,1,3
98,11,2
98,20,2
98,38,2
98,46,2
98,47,1
98,44,2
98,7,1
98,18,2
98,24,1
98,48,2
98,4,1
98,17,1
99,20,4
99,16,8
99,17,1
99,11,3
99,3,4
99,27,1
99,47,1
99,9,5
99,25,5
99,48,1
99,14,2
99,4,6
99,26,2
99,36,4
99,12,4
99,13,3
99,5,2
99,1,4
99,23,4
99,41,3
99,24,1
99,10,2
99,19,2
99,39,1
99,8,2
99,44,1
99,28,1
99,6,2
99,22,4
99,15,1
99,45,4
99,43,1
99,38,1
99,40,3
99,30,1
99,29,1
99,37,1
99,21,2
99,2,2
