run,card_id,card_frequency
0,2,3
0,9,2
0,38,3
0,13,5
0,16,4
0,48,4
0,22,3
0,18,1
0,27,4
0,5,7
0,47,2
0,6,2
0,36,1
0,15,4
0,40,3
0,31,1
0,29,2
0,11,3
0,1,3
0,23,3
0,14,2
0,21,2
0,26,3
0,43,1
0,41,3
0,3,1
0,37,3
0,44,2
0,19,1
0,7,1
0,12,3
0,20,1
0,28,2
0,25,1
0,10,2
0,46,1
0,24,2
0,32,1
0,4,2
0,17,1
0,39,1
0,33,1
0,42,1
0,45,1
0,30,1
1,38,2
1,9,5
1,25,4
1,2,3
1,3,6
1,5,4
1,23,5
1,4,2
1,18,1
1,36,2
1,31,1
1,26,2
1,46,3
1,28,1
1,11,1
1,47,1
1,15,4
1,6,1
1,14,3
1,10,3
1,19,1
1,39,2
1,17,2
1,43,3
1,12,4
1,48,2
1,42,1
1,7,2
1,20,2
1,16,3
1,29,2
1,22,3
1,45,3
1,1,2
1,13,1
1,41,2
1,37,3
1,8,1
1,27,1
1,40,1
1,44,1
1,32,1
1,24,1
1,33,1
1,34,1
2,23,4
2,16,7
2,44,3
2,2,2
2,1,4
2,30,2
2,26,7
2,25,5
2,37,1
2,45,3
2,10,4
2,15,4
2,38,2
2,31,1
2,3,5
2,22,1
2,5,3
2,12,3
2,7,4
2,4,5
2,41,2
2,9,3
2,11,1
2,28,1
2,47,1
2,13,3
2,24,2
2,46,2
2,42,1
2,14,2
2,21,2
2,29,1
2,43,2
2,32,1
2,39,1
2,33,1
2,36,1
2,40,2
2,48,1
3,25,4
3,12,4
3,16,5
3,23,3
3,31,1
3,32,1
3,45,1
3,46,3
3,33,1
3,10,2
3,1,4
3,26,3
3,24,4
3,17,1
3,4,3
3,41,5
3,40,5
3,21,1
3,34,1
3,14,3
3,43,1
3,3,4
3,20,3
3,7,2
3,38,3
3,22,2
3,44,2
3,15,1
3,2,5
3,30,1
3,18,1
3,37,2
3,13,3
3,5,1
3,29,3
3,9,3
3,6,3
3,39,3
3,27,1
3,11,1
4,27,3
4,16,5
4,39,2
4,26,2
4,5,3
4,43,3
4,22,3
4,1,6
4,23,4
4,12,3
4,13,6
4,6,1
4,4,3
4,7,2
4,28,2
4,24,1
4,2,2
4,17,3
4,40,2
4,41,4
4,20,1
4,15,5
4,46,1
4,31,1
4,14,4
4,45,2
4,11,3
4,10,4
4,25,4
4,29,2
4,8,3
4,42,1
4,9,3
4,38,2
4,44,1
4,37,1
4,48,1
4,47,1
5,36,4
5,24,5
5,40,3
5,27,2
5,19,2
5,17,1
5,4,5
5,20,3
5,39,1
5,1,6
5,31,1
5,32,1
5,33,1
5,12,3
5,3,1
5,22,4
5,26,4
5,34,1
5,42,3
5,41,2
5,14,4
5,16,4
5,46,3
5,45,2
5,44,2
5,23,2
5,28,3
5,11,5
5,48,1
5,10,3
5,13,3
5,29,2
5,6,2
5,37,2
5,35,1
5,25,2
5,38,1
5,7,1
5,9,1
5,43,2
5,15,1
6,46,4
6,16,7
6,45,4
6,26,2
6,9,3
6,11,4
6,2,7
6,44,3
6,29,1
6,27,2
6,36,3
6,31,1
6,10,2
6,23,4
6,12,2
6,32,1
6,21,2
6,22,3
6,24,3
6,4,2
6,28,2
6,15,3
6,33,1
6,39,2
6,41,3
6,3,2
6,25,3
6,38,3
6,43,2
6,5,1
6,14,1
6,1,3
6,8,2
6,17,2
6,34,1
6,20,1
6,13,4
6,42,1
6,37,1
6,47,1
6,30,1
7,28,4
7,2,4
7,16,4
7,26,6
7,41,1
7,22,4
7,31,1
7,43,1
7,40,2
7,30,1
7,3,4
7,24,3
7,25,3
7,44,5
7,23,3
7,12,4
7,48,1
7,11,4
7,45,3
7,29,1
7,5,2
7,9,3
7,13,5
7,15,2
7,19,3
7,32,1
7,37,1
7,6,1
7,33,1
7,47,2
7,1,3
7,20,2
7,27,1
7,38,1
7,8,1
7,21,4
7,14,2
7,39,1
7,10,1
7,36,1
7,4,1
7,34,1
7,46,1
8,13,3
8,46,3
8,9,3
8,2,5
8,6,2
8,14,4
8,31,1
8,19,1
8,23,3
8,12,5
8,11,5
8,44,5
8,25,2
8,5,5
8,40,4
8,1,2
8,21,4
8,22,2
8,4,4
8,18,3
8,39,3
8,7,2
8,41,6
8,20,4
8,47,1
8,3,2
8,15,2
8,37,1
8,36,3
8,10,1
8,17,1
8,16,2
8,28,1
8,45,1
8,24,1
8,8,1
8,29,1
8,42,1
9,38,3
9,10,5
9,6,1
9,31,1
9,47,1
9,32,1
9,16,7
9,15,5
9,4,4
9,45,3
9,43,5
9,2,4
9,18,1
9,13,1
9,39,4
9,8,2
9,26,1
9,9,2
9,12,1
9,1,4
9,7,4
9,5,3
9,11,3
9,14,3
9,41,1
9,23,2
9,24,3
9,21,2
9,48,3
9,25,4
9,33,1
9,36,1
9,34,1
9,22,2
9,27,3
9,3,3
9,28,1
9,35,1
9,44,1
9,42,1
9,17,1
10,21,1
10,31,1
10,12,2
10,30,2
10,11,4
10,23,2
10,7,2
10,25,3
10,2,3
10,40,6
10,13,5
10,3,3
10,45,1
10,1,2
10,27,4
10,22,4
10,39,3
10,26,3
10,6,2
10,19,1
10,28,2
10,41,3
10,16,4
10,32,1
10,9,3
10,8,1
10,4,4
10,15,2
10,17,1
10,36,1
10,42,2
10,33,1
10,37,1
10,34,1
10,44,3
10,46,1
10,14,4
10,35,1
10,20,3
10,43,1
10,38,1
10,29,2
10,10,1
10,5,2
11,31,1
11,13,8
11,5,7
11,25,2
11,44,3
11,20,4
11,14,2
11,32,1
11,43,2
11,36,1
11,42,3
11,16,6
11,6,2
11,12,6
11,10,4
11,17,3
11,8,2
11,4,1
11,7,1
11,2,2
11,15,5
11,33,1
11,40,3
11,3,2
11,21,1
11,9,3
11,45,3
11,46,1
11,22,2
11,19,1
11,38,2
11,11,1
11,34,1
11,41,2
11,47,1
11,27,1
11,23,2
11,26,1
11,29,1
11,1,2
11,28,2
11,48,1
12,7,3
12,15,4
12,45,4
12,24,2
12,22,5
12,47,3
12,17,3
12,16,4
12,43,2
12,44,3
12,29,2
12,13,3
12,18,2
12,28,1
12,12,2
12,4,7
12,14,3
12,10,4
12,11,3
12,37,1
12,26,3
12,25,3
12,2,3
12,1,4
12,3,1
12,48,2
12,40,2
12,31,1
12,23,3
12,27,2
12,5,3
12,36,2
12,21,2
12,46,2
12,39,2
12,20,2
12,19,2
13,41,6
13,27,4
13,4,3
13,11,4
13,25,3
13,30,1
13,18,3
13,13,3
13,23,3
13,31,1
13,19,3
13,14,4
13,46,2
13,5,4
13,17,1
13,7,2
13,21,4
13,1,2
13,20,4
13,48,1
13,6,2
13,37,1
13,10,2
13,45,3
13,15,3
13,12,2
13,3,3
13,22,2
13,39,3
13,32,1
13,33,1
13,16,3
13,29,2
13,34,1
13,35,1
13,38,2
13,26,1
13,42,2
13,43,1
13,9,2
13,40,1
13,47,1
13,2,1
13,24,1
14,23,3
14,16,6
14,4,2
14,7,2
14,9,3
14,14,4
14,15,4
14,10,3
14,5,2
14,12,3
14,31,1
14,26,4
14,36,1
14,40,1
14,41,4
14,2,4
14,43,1
14,32,1
14,11,4
14,46,1
14,39,5
14,20,1
14,22,4
14,24,2
14,29,2
14,17,1
14,3,1
14,38,4
14,44,3
14,33,1
14,13,4
14,18,3
14,45,2
14,8,3
14,1,1
14,27,1
14,25,2
14,21,1
14,48,1
14,47,1
14,6,1
14,37,1
14,28,1
15,23,6
15,3,1
15,29,1
15,16,6
15,12,3
15,47,3
15,15,3
15,6,3
15,10,4
15,41,3
15,20,2
15,5,2
15,13,3
15,27,1
15,46,2
15,31,1
15,9,5
15,26,4
15,19,1
15,21,3
15,48,1
15,36,2
15,2,5
15,8,2
15,22,3
15,17,1
15,11,4
15,39,2
15,25,2
15,1,4
15,4,3
15,28,1
15,37,2
15,38,2
15,14,1
15,42,2
15,43,2
15,24,1
15,40,2
15,44,1
16,23,3
16,39,2
16,37,4
16,45,1
16,31,1
16,14,3
16,13,5
16,15,3
16,46,3
16,11,3
16,3,2
16,21,3
16,27,4
16,28,3
16,36,2
16,16,5
16,42,2
16,2,6
16,20,3
16,1,3
16,38,2
16,9,4
16,6,2
16,10,4
16,24,1
16,29,2
16,47,2
16,18,2
16,41,1
16,5,2
16,32,1
16,19,1
16,12,2
16,30,1
16,26,1
16,33,1
16,25,3
16,43,1
16,34,1
16,4,1
16,22,1
16,35,1
16,17,1
16,7,1
17,40,2
17,15,6
17,27,2
17,31,1
17,1,4
17,20,4
17,2,3
17,32,1
17,44,3
17,38,5
17,13,3
17,3,5
17,41,6
17,33,1
17,22,6
17,47,2
17,17,1
17,9,5
17,19,1
17,36,1
17,10,3
17,28,1
17,25,4
17,34,1
17,37,1
17,24,1
17,35,1
17,11,2
17,48,1
17,26,3
17,16,1
17,12,4
17,45,1
17,43,2
17,23,2
17,29,1
17,7,1
17,8,1
17,39,2
17,5,1
17,18,1
17,14,2
17,46,1
18,26,3
18,9,5
18,8,1
18,40,1
18,31,1
18,13,5
18,5,6
18,38,1
18,1,4
18,23,5
18,3,3
18,25,3
18,28,2
18,16,7
18,41,4
18,2,1
18,12,4
18,19,2
18,15,2
18,20,2
18,7,4
18,30,1
18,46,2
18,43,1
18,45,2
18,6,1
18,27,2
18,39,1
18,42,1
18,44,4
18,32,1
18,36,2
18,33,1
18,4,3
18,10,2
18,34,1
18,21,2
18,11,2
18,48,1
18,22,1
18,37,1
18,24,1
18,14,1
19,26,4
19,39,4
19,27,1
19,13,5
19,11,5
19,19,2
19,3,3
19,22,5
19,20,3
19,2,4
19,5,6
19,30,2
19,25,5
19,7,1
19,37,2
19,38,1
19,8,2
19,48,1
19,31,1
19,45,2
19,4,5
19,28,1
19,21,2
19,15,4
19,41,1
19,44,2
19,12,4
19,43,3
19,9,5
19,16,3
19,10,2
19,32,1
19,42,1
19,33,1
19,40,1
19,34,1
19,14,1
19,36,1
19,17,1
19,35,1
20,13,4
20,31,1
20,46,3
20,41,3
20,9,2
20,17,3
20,21,2
20,22,4
20,3,4
20,43,2
20,20,3
20,48,4
20,12,5
20,1,5
20,2,5
20,28,2
20,8,2
20,4,3
20,40,2
20,14,3
20,42,4
20,44,1
20,25,5
20,11,2
20,32,1
20,23,4
20,33,1
20,15,2
20,29,2
20,37,2
20,16,1
20,7,2
20,34,1
20,26,2
20,5,4
20,38,1
20,39,1
20,47,1
20,35,1
21,41,5
21,9,3
21,11,2
21,26,5
21,24,2
21,10,5
21,31,1
21,23,4
21,38,2
21,39,1
21,1,5
21,15,3
21,42,2
21,6,2
21,21,3
21,32,1
21,3,7
21,13,3
21,17,1
21,47,1
21,20,1
21,33,1
21,14,4
21,25,3
21,40,1
21,7,3
21,2,7
21,4,2
21,44,3
21,34,1
21,16,3
21,35,1
21,30,1
21,8,1
21,45,2
21,5,2
21,46,2
21,27,1
21,36,1
21,22,1
21,12,1
22,31,1
22,44,4
22,17,2
22,18,2
22,16,3
22,13,4
22,11,5
22,32,1
22,33,1
22,26,6
22,38,3
22,23,6
22,5,6
22,15,6
22,40,3
22,28,3
22,14,3
22,41,2
22,20,3
22,2,4
22,46,3
22,6,1
22,25,4
22,42,4
22,10,3
22,4,2
22,1,2
22,36,2
22,9,2
22,45,1
22,27,2
22,3,1
22,24,1
22,43,1
22,29,1
22,7,1
22,47,1
23,41,2
23,5,4
23,28,3
23,13,2
23,1,5
23,27,1
23,43,3
23,44,3
23,23,4
23,48,3
23,22,3
23,8,2
23,15,5
23,40,6
23,25,3
23,21,3
23,4,3
23,9,4
23,42,2
23,26,4
23,7,1
23,37,3
23,14,2
23,20,3
23,16,6
23,47,1
23,24,2
23,38,2
23,36,1
23,31,1
23,2,3
23,11,2
23,32,1
23,30,1
23,33,1
23,34,1
23,46,1
23,6,1
23,39,1
23,45,1
24,15,6
24,22,5
24,12,3
24,36,4
24,3,3
24,6,2
24,31,1
24,16,2
24,26,3
24,41,6
24,42,2
24,2,4
24,14,4
24,32,1
24,7,2
24,45,2
24,23,4
24,5,5
24,17,2
24,1,1
24,9,4
24,40,5
24,11,5
24,33,1
24,28,3
24,20,1
24,38,2
24,43,2
24,21,2
24,10,2
24,25,3
24,13,2
24,29,1
24,39,1
24,4,1
24,34,1
24,18,1
24,47,1
25,23,4
25,30,2
25,1,1
25,41,4
25,38,2
25,21,4
25,3,5
25,46,3
25,7,2
25,44,3
25,2,5
25,13,7
25,9,2
25,29,2
25,5,6
25,25,3
25,31,1
25,22,3
25,39,2
25,15,3
25,48,1
25,4,2
25,11,4
25,36,3
25,40,2
25,20,2
25,8,2
25,10,4
25,6,2
25,27,2
25,16,2
25,42,1
25,43,1
25,32,1
25,28,1
25,14,2
25,26,2
25,12,1
25,45,1
26,43,2
26,5,4
26,36,1
26,10,3
26,24,3
26,14,4
26,40,2
26,9,6
26,26,1
26,37,2
26,12,4
26,22,3
26,31,1
26,25,3
26,21,4
26,42,1
26,27,4
26,20,4
26,16,8
26,11,2
26,46,2
26,4,2
26,15,4
26,13,4
26,23,5
26,6,1
26,8,4
26,19,1
26,1,3
26,41,2
26,2,1
26,38,1
26,47,2
26,18,1
26,32,1
26,45,1
26,33,1
26,34,1
26,17,1
27,12,3
27,21,5
27,45,1
27,43,2
27,3,6
27,4,5
27,28,3
27,9,3
27,44,2
27,31,1
27,10,4
27,13,6
27,23,4
27,19,1
27,41,3
27,2,5
27,26,2
27,30,1
27,18,2
27,20,6
27,15,3
27,46,3
27,5,3
27,22,3
27,47,1
27,11,2
27,8,2
27,25,1
27,48,2
27,16,2
27,37,2
27,14,1
27,38,1
27,36,2
27,27,1
27,32,1
27,33,1
27,29,1
27,7,1
27,40,1
27,1,1
28,24,1
28,16,4
28,45,1
28,31,1
28,10,4
28,3,6
28,18,1
28,47,1
28,11,4
28,48,2
28,22,3
28,38,1
28,44,2
28,6,2
28,12,4
28,32,1
28,27,2
28,8,2
28,1,3
28,20,2
28,29,1
28,33,1
28,9,5
28,5,2
28,43,2
28,26,5
28,14,4
28,13,4
28,28,2
28,34,1
28,2,5
28,15,3
28,41,3
28,25,3
28,4,1
28,39,2
28,40,1
28,36,1
28,21,2
28,23,2
28,37,1
28,7,1
28,35,1
29,38,5
29,30,2
29,11,5
29,1,4
29,26,2
29,40,2
29,16,4
29,15,5
29,47,2
29,25,4
29,19,2
29,46,1
29,31,1
29,4,4
29,2,4
29,3,3
29,42,3
29,20,3
29,48,2
29,13,2
29,23,3
29,45,3
29,43,3
29,14,5
29,12,4
29,29,2
29,5,1
29,9,3
29,10,2
29,17,2
29,21,1
29,22,2
29,44,1
29,32,1
29,33,1
29,28,1
29,41,1
29,34,1
29,7,1
29,36,1
29,37,1
30,37,5
30,31,1
30,15,3
30,41,1
30,7,4
30,11,5
30,25,3
30,10,3
30,46,3
30,9,4
30,8,3
30,22,4
30,26,4
30,24,4
30,47,1
30,12,3
30,1,2
30,16,6
30,4,3
30,48,1
30,38,1
30,2,3
30,6,2
30,45,2
30,32,1
30,14,2
30,21,4
30,13,2
30,33,1
30,3,3
30,39,1
30,20,2
30,40,2
30,5,3
30,34,1
30,30,2
30,36,2
30,35,1
30,17,1
30,43,1
31,8,1
31,22,5
31,1,3
31,5,3
31,44,4
31,12,3
31,42,1
31,14,4
31,10,5
31,3,7
31,2,5
31,16,3
31,9,4
31,4,5
31,26,2
31,13,2
31,24,1
31,20,4
31,18,1
31,31,1
31,41,2
31,6,3
31,29,3
31,11,4
31,28,1
31,7,2
31,15,2
31,37,1
31,23,2
31,32,1
31,43,1
31,38,2
31,27,4
31,39,1
31,33,1
31,19,2
31,21,1
31,25,1
31,40,1
31,46,1
32,41,5
32,27,2
32,26,7
32,28,4
32,12,5
32,16,3
32,2,4
32,39,4
32,22,3
32,31,1
32,9,5
32,44,2
32,15,3
32,32,1
32,38,1
32,43,2
32,21,1
32,14,3
32,30,1
32,11,4
32,10,3
32,6,1
32,4,1
32,45,4
32,1,2
32,3,2
32,47,3
32,33,1
32,5,4
32,25,3
32,46,1
32,8,1
32,23,1
32,40,2
32,7,1
32,37,1
32,19,1
32,20,1
32,13,2
32,18,1
32,42,1
32,24,1
32,36,1
33,43,5
33,2,3
33,14,4
33,42,1
33,20,6
33,6,3
33,28,3
33,38,2
33,44,5
33,15,5
33,10,4
33,27,1
33,12,4
33,47,2
33,13,3
33,23,1
33,31,1
33,36,1
33,17,1
33,8,3
33,5,3
33,1,3
33,21,1
33,7,1
33,19,2
33,9,3
33,4,3
33,16,3
33,46,1
33,29,2
33,41,2
33,26,1
33,40,3
33,32,1
33,25,4
33,11,2
33,33,1
33,30,1
33,34,1
33,24,1
33,22,2
33,18,1
34,31,1
34,32,1
34,3,6
34,1,4
34,8,4
34,44,1
34,17,2
34,20,5
34,16,3
34,43,1
34,45,3
34,26,3
34,2,3
34,25,3
34,23,5
34,10,4
34,21,3
34,13,4
34,4,2
34,42,5
34,14,4
34,12,2
34,29,2
34,38,4
34,33,1
34,22,4
34,28,3
34,41,2
34,5,1
34,7,2
34,34,1
34,35,1
34,30,1
34,39,1
34,46,3
34,15,1
34,6,1
34,11,1
34,9,1
34,36,1
35,12,6
35,1,2
35,21,1
35,15,3
35,4,4
35,26,3
35,20,5
35,9,2
35,8,2
35,14,3
35,16,4
35,44,2
35,37,3
35,27,5
35,46,3
35,25,5
35,17,2
35,41,2
35,19,1
35,31,1
35,11,4
35,43,2
35,5,3
35,40,5
35,2,3
35,6,2
35,22,2
35,23,2
35,38,4
35,13,3
35,3,2
35,39,2
35,18,1
35,32,1
35,33,1
35,42,2
35,7,1
35,34,1
36,22,2
36,5,5
36,23,3
36,10,6
36,8,1
36,14,2
36,45,5
36,1,6
36,31,1
36,13,5
36,20,1
36,41,5
36,2,2
36,3,3
36,26,3
36,16,3
36,43,3
36,12,3
36,30,2
36,6,4
36,9,3
36,7,1
36,4,5
36,36,4
36,17,1
36,29,1
36,37,1
36,42,2
36,39,4
36,18,1
36,11,2
36,25,2
36,15,1
36,28,2
36,21,1
36,47,1
36,27,1
36,38,1
36,24,1
37,23,3
37,12,5
37,28,4
37,44,2
37,2,4
37,7,3
37,17,3
37,14,5
37,48,3
37,18,1
37,8,2
37,31,1
37,40,2
37,26,3
37,37,2
37,6,3
37,20,5
37,41,4
37,3,3
37,39,3
37,4,4
37,46,3
37,13,3
37,1,2
37,11,2
37,24,1
37,32,1
37,25,3
37,21,2
37,15,3
37,9,4
37,33,1
37,22,1
37,36,2
37,16,3
37,29,1
37,34,1
37,5,1
37,35,1
38,46,1
38,31,1
38,23,3
38,22,4
38,39,1
38,24,4
38,1,4
38,26,3
38,2,4
38,48,1
38,30,2
38,32,1
38,3,4
38,13,4
38,17,2
38,16,3
38,25,4
38,43,2
38,5,4
38,33,1
38,20,2
38,15,2
38,42,2
38,27,3
38,12,3
38,9,6
38,21,2
38,4,6
38,37,3
38,14,1
38,11,3
38,10,2
38,34,1
38,8,2
38,47,1
38,35,1
38,36,2
38,38,2
38,6,1
38,19,1
38,29,1
39,11,5
39,16,5
39,25,3
39,47,1
39,46,2
39,23,4
39,22,5
39,2,5
39,13,3
39,31,1
39,14,2
39,20,1
39,19,3
39,15,5
39,44,2
39,9,6
39,4,4
39,24,2
39,37,2
39,6,3
39,36,2
39,26,2
39,7,3
39,45,1
39,5,2
39,40,4
39,42,2
39,48,1
39,17,2
39,12,2
39,43,2
39,41,3
39,21,2
39,1,1
39,3,1
39,39,1
39,8,2
39,27,1
39,28,1
39,10,1
40,7,2
40,1,4
40,22,4
40,2,7
40,4,7
40,31,1
40,19,3
40,20,2
40,48,3
40,23,3
40,39,1
40,47,1
40,3,6
40,11,5
40,28,1
40,9,3
40,15,6
40,46,1
40,25,1
40,5,5
40,17,1
40,37,3
40,10,2
40,45,2
40,16,5
40,40,4
40,13,1
40,27,2
40,14,2
40,30,1
40,6,2
40,24,1
40,41,2
40,12,2
40,26,1
40,44,1
40,36,1
40,43,1
41,11,5
41,28,1
41,16,3
41,10,4
41,20,6
41,31,1
41,43,2
41,22,1
41,3,5
41,14,3
41,38,2
41,37,2
41,13,7
41,26,4
41,40,1
41,12,4
41,18,1
41,46,4
41,30,1
41,8,1
41,1,1
41,4,3
41,2,3
41,23,2
41,47,1
41,5,3
41,42,4
41,24,1
41,19,2
41,25,3
41,32,1
41,27,1
41,9,4
41,48,1
41,41,3
41,6,2
41,45,2
41,36,1
41,33,1
41,34,1
41,21,1
41,7,1
42,3,7
42,23,2
42,12,4
42,28,5
42,20,4
42,31,1
42,37,2
42,17,2
42,2,5
42,16,6
42,10,5
42,6,3
42,41,3
42,25,4
42,22,3
42,40,3
42,15,5
42,29,2
42,5,1
42,38,2
42,18,2
42,1,4
42,44,1
42,14,5
42,39,3
42,4,1
42,7,1
42,27,1
42,19,1
42,32,1
42,45,1
42,33,1
42,8,2
42,48,1
42,36,2
42,24,1
42,11,2
42,26,1
43,1,6
43,16,4
43,31,1
43,27,2
43,15,5
43,38,1
43,26,2
43,7,2
43,11,1
43,28,3
43,25,5
43,5,5
43,14,3
43,22,4
43,3,3
43,36,1
43,6,1
43,20,5
43,48,2
43,12,2
43,10,2
43,32,1
43,23,3
43,30,1
43,33,1
43,8,2
43,42,2
43,37,3
43,9,3
43,34,1
43,18,2
43,13,3
43,45,1
43,35,1
43,4,3
43,2,2
43,43,3
43,24,1
43,46,1
43,41,1
43,21,4
43,40,1
44,28,1
44,21,3
44,31,1
44,7,3
44,25,2
44,10,3
44,12,5
44,26,5
44,1,4
44,30,1
44,2,5
44,43,2
44,9,5
44,44,2
44,38,3
44,41,4
44,20,4
44,45,1
44,39,1
44,23,4
44,14,2
44,4,4
44,11,5
44,3,2
44,8,2
44,5,2
44,27,2
44,47,2
44,36,3
44,17,1
44,32,1
44,33,1
44,18,1
44,24,1
44,16,2
44,34,1
44,42,1
44,46,1
44,22,2
44,35,1
44,40,2
44,13,1
44,37,1
45,25,5
45,13,5
45,4,4
45,23,5
45,3,3
45,12,3
45,9,3
45,5,3
45,39,4
45,20,4
45,29,3
45,42,3
45,21,2
45,11,3
45,15,4
45,2,6
45,22,2
45,7,4
45,31,1
45,24,3
45,14,3
45,17,2
45,28,2
45,8,1
45,38,1
45,41,2
45,26,4
45,44,4
45,27,1
45,1,1
45,16,1
45,45,1
45,48,1
45,37,1
45,10,1
45,36,1
45,43,1
45,46,1
45,6,1
46,23,5
46,38,4
46,16,2
46,15,6
46,13,5
46,20,2
46,14,1
46,1,5
46,36,2
46,10,1
46,22,3
46,11,5
46,9,3
46,27,3
46,21,3
46,19,2
46,12,4
46,2,4
46,30,2
46,4,5
46,6,4
46,31,1
46,3,2
46,45,1
46,17,2
46,7,1
46,26,2
46,28,2
46,8,2
46,32,1
46,40,3
46,41,4
46,5,1
46,24,2
46,33,1
46,44,2
46,34,1
46,43,1
47,24,3
47,8,1
47,11,5
47,10,4
47,20,5
47,25,3
47,1,3
47,38,3
47,47,2
47,43,2
47,6,4
47,21,5
47,42,2
47,4,4
47,7,1
47,5,3
47,12,3
47,48,2
47,23,2
47,9,3
47,13,4
47,31,1
47,28,1
47,2,5
47,16,3
47,29,1
47,15,1
47,37,2
47,22,4
47,19,1
47,3,2
47,41,2
47,26,2
47,36,1
47,14,2
47,18,1
47,27,2
47,46,1
47,45,1
47,44,2
47,40,1
48,13,2
48,5,4
48,22,4
48,25,5
48,14,3
48,15,7
48,38,3
48,31,1
48,26,2
48,7,1
48,11,4
48,41,8
48,10,3
48,30,1
48,3,3
48,36,2
48,28,3
48,4,6
48,47,1
48,23,2
48,16,4
48,27,3
48,12,3
48,20,4
48,43,1
48,40,1
48,46,2
48,2,4
48,1,1
48,32,1
48,33,1
48,9,2
48,45,1
48,21,2
48,34,1
48,8,1
48,39,1
48,48,1
48,17,1
49,31,1
49,43,4
49,45,2
49,21,4
49,44,5
49,11,2
49,12,3
49,22,4
49,46,3
49,25,3
49,37,2
49,42,4
49,27,3
49,47,2
49,3,3
49,5,4
49,10,5
49,20,3
49,26,3
49,1,3
49,28,2
49,2,4
49,14,4
49,23,3
49,16,1
49,15,4
49,8,2
49,32,1
49,9,2
49,41,1
49,13,2
49,18,1
49,33,1
49,4,2
49,6,1
49,34,1
49,7,1
49,36,1
49,29,2
49,48,1
50,23,3
50,31,1
50,9,5
50,43,2
50,41,3
50,7,1
50,27,2
50,37,2
50,3,5
50,2,6
50,12,5
50,20,4
50,28,2
50,11,6
50,25,3
50,22,3
50,13,4
50,26,5
50,14,4
50,5,3
50,16,5
50,10,3
50,32,1
50,15,2
50,38,2
50,42,1
50,4,2
50,30,1
50,36,2
50,39,2
50,33,1
50,19,1
50,34,1
50,35,1
50,8,1
50,1,1
50,46,1
50,45,1
50,24,1
50,29,1
51,9,4
51,11,4
51,38,2
51,3,5
51,27,2
51,44,4
51,25,1
51,12,3
51,7,1
51,13,4
51,43,1
51,4,4
51,10,4
51,17,2
51,41,3
51,6,4
51,23,3
51,20,3
51,39,3
51,26,2
51,28,2
51,16,5
51,24,1
51,29,3
51,31,1
51,8,2
51,15,2
51,5,2
51,14,3
51,30,2
51,22,2
51,21,1
51,32,1
51,40,2
51,42,2
51,33,1
51,2,1
51,37,2
51,34,1
51,47,1
51,1,1
51,36,1
51,45,1
51,18,1
52,1,3
52,4,8
52,41,5
52,22,3
52,5,2
52,23,2
52,6,2
52,13,5
52,43,3
52,46,2
52,16,1
52,11,7
52,29,5
52,2,3
52,26,3
52,44,2
52,15,2
52,18,1
52,12,1
52,19,1
52,3,3
52,25,3
52,31,1
52,20,4
52,38,1
52,28,3
52,48,2
52,8,4
52,10,3
52,39,1
52,14,2
52,24,2
52,40,1
52,27,1
52,32,1
52,9,2
52,7,2
52,37,2
52,17,1
53,2,3
53,20,3
53,26,5
53,27,1
53,17,3
53,16,5
53,30,1
53,39,1
53,15,6
53,44,2
53,11,3
53,3,2
53,25,5
53,4,4
53,12,3
53,23,4
53,45,2
53,21,3
53,24,2
53,9,5
53,31,1
53,14,4
53,46,4
53,10,2
53,36,4
53,28,1
53,42,2
53,22,1
53,18,1
53,1,4
53,38,2
53,7,3
53,5,3
53,41,1
53,32,1
53,13,1
53,8,1
53,37,1
54,3,4
54,31,1
54,44,1
54,36,3
54,20,4
54,6,1
54,16,5
54,45,3
54,21,4
54,4,4
54,29,1
54,12,5
54,13,4
54,1,4
54,23,3
54,32,1
54,27,1
54,33,1
54,41,5
54,24,3
54,22,4
54,15,4
54,25,3
54,37,1
54,14,4
54,42,1
54,39,1
54,11,2
54,2,3
54,26,3
54,10,2
54,30,1
54,7,1
54,17,2
54,28,3
54,9,2
54,18,1
54,5,1
54,8,1
54,40,1
54,38,1
55,27,3
55,20,3
55,16,4
55,31,1
55,19,1
55,24,1
55,7,2
55,37,3
55,48,2
55,15,8
55,1,4
55,12,3
55,41,7
55,17,2
55,5,1
55,10,4
55,14,3
55,23,4
55,11,3
55,46,3
55,4,3
55,21,1
55,3,2
55,32,1
55,42,2
55,33,1
55,22,4
55,2,3
55,18,2
55,13,4
55,8,1
55,25,1
55,9,4
55,30,1
55,34,1
55,45,2
55,36,1
55,6,2
55,44,1
55,26,1
56,22,2
56,20,1
56,3,4
56,10,2
56,28,1
56,31,1
56,21,2
56,5,5
56,12,3
56,46,3
56,32,1
56,33,1
56,16,6
56,24,2
56,34,1
56,42,2
56,38,1
56,44,3
56,26,5
56,45,1
56,23,3
56,15,4
56,36,1
56,9,4
56,11,1
56,13,5
56,8,1
56,14,3
56,41,4
56,25,3
56,19,2
56,6,2
56,43,1
56,35,1
56,37,2
56,48,2
56,40,2
56,18,2
56,30,2
56,1,3
56,27,1
56,2,2
56,4,1
56,29,1
57,16,3
57,6,4
57,20,3
57,2,4
57,41,5
57,14,4
57,5,4
57,22,2
57,42,1
57,26,3
57,39,1
57,31,1
57,32,1
57,4,4
57,44,2
57,37,4
57,7,1
57,13,3
57,29,2
57,1,4
57,11,3
57,47,3
57,24,1
57,33,1
57,38,3
57,28,3
57,21,1
57,48,3
57,36,1
57,23,4
57,10,2
57,3,3
57,15,2
57,12,4
57,25,3
57,9,2
57,40,1
57,46,1
57,45,2
57,18,1
58,36,2
58,1,7
58,23,4
58,2,3
58,4,6
58,19,2
58,13,2
58,9,3
58,3,3
58,12,3
58,20,3
58,15,4
58,10,5
58,18,1
58,37,3
58,27,2
58,6,3
58,25,3
58,7,3
58,5,4
58,16,6
58,46,2
58,41,1
58,31,1
58,8,2
58,42,1
58,38,2
58,32,1
58,33,1
58,45,3
58,26,3
58,22,2
58,11,3
58,34,1
58,43,1
58,14,2
58,24,1
58,44,1
59,39,2
59,42,3
59,38,1
59,6,1
59,5,5
59,1,3
59,10,3
59,11,7
59,20,4
59,28,4
59,31,1
59,41,2
59,32,1
59,24,3
59,17,1
59,33,1
59,22,3
59,9,4
59,16,2
59,4,6
59,40,3
59,21,2
59,13,3
59,2,5
59,23,4
59,8,1
59,27,1
59,43,3
59,37,2
59,26,2
59,36,3
59,34,1
59,15,3
59,3,2
59,47,1
59,35,1
59,48,1
59,44,2
59,12,2
59,18,1
60,44,3
60,36,1
60,5,3
60,24,3
60,40,3
60,1,1
60,25,4
60,22,4
60,8,1
60,26,3
60,45,6
60,12,3
60,31,1
60,9,2
60,32,1
60,2,3
60,33,1
60,13,4
60,6,3
60,23,4
60,30,1
60,4,4
60,41,4
60,3,4
60,17,2
60,37,1
60,27,2
60,7,2
60,43,1
60,10,4
60,14,3
60,16,3
60,29,1
60,46,2
60,20,3
60,28,2
60,48,1
60,11,3
60,34,1
60,39,1
60,42,1
61,30,1
61,21,5
61,23,4
61,31,1
61,14,3
61,15,5
61,5,5
61,36,1
61,25,4
61,9,3
61,4,5
61,20,4
61,28,5
61,10,2
61,16,2
61,6,2
61,3,3
61,12,3
61,7,2
61,44,3
61,32,1
61,2,2
61,41,3
61,8,2
61,26,3
61,13,4
61,27,3
61,33,1
61,38,4
61,24,2
61,11,1
61,22,2
61,37,1
61,34,1
61,1,3
61,18,1
61,46,1
61,42,1
61,40,1
62,13,6
62,27,3
62,42,2
62,9,6
62,31,1
62,23,5
62,37,2
62,2,3
62,40,3
62,15,3
62,46,2
62,17,3
62,7,1
62,45,2
62,32,1
62,5,3
62,39,1
62,4,5
62,44,2
62,16,3
62,47,1
62,18,2
62,26,3
62,3,4
62,24,1
62,33,1
62,12,3
62,11,4
62,22,3
62,34,1
62,41,2
62,14,5
62,48,1
62,1,4
62,35,1
62,10,3
62,25,2
62,28,1
62,21,1
63,4,2
63,18,2
63,31,1
63,1,4
63,26,3
63,22,2
63,10,4
63,37,2
63,7,3
63,20,5
63,43,4
63,3,4
63,11,7
63,41,5
63,15,5
63,2,3
63,19,2
63,23,4
63,14,2
63,27,1
63,6,2
63,13,3
63,9,1
63,45,2
63,42,1
63,16,1
63,8,2
63,39,2
63,5,2
63,17,1
63,12,3
63,40,2
63,25,4
63,32,1
63,47,3
63,36,1
63,33,1
63,28,1
63,29,1
63,34,1
64,26,9
64,38,4
64,23,5
64,37,1
64,8,3
64,22,5
64,18,1
64,14,5
64,40,2
64,6,2
64,4,5
64,46,1
64,44,1
64,2,5
64,28,1
64,42,3
64,36,4
64,16,3
64,10,2
64,9,5
64,47,3
64,15,2
64,20,1
64,11,3
64,31,1
64,21,1
64,39,1
64,32,1
64,3,2
64,24,1
64,33,1
64,12,3
64,7,1
64,34,1
64,25,2
64,19,1
64,13,3
64,41,1
64,45,2
64,1,2
65,15,4
65,2,9
65,44,1
65,10,3
65,3,4
65,48,1
65,8,3
65,39,2
65,6,4
65,13,5
65,31,1
65,19,1
65,4,4
65,40,1
65,26,5
65,42,2
65,20,3
65,18,1
65,9,3
65,11,2
65,41,6
65,1,3
65,16,5
65,32,1
65,47,1
65,27,1
65,23,1
65,5,2
65,22,4
65,45,2
65,17,2
65,14,1
65,37,1
65,12,3
65,21,1
65,29,1
65,33,1
65,25,2
65,38,1
65,36,1
65,34,1
66,41,4
66,25,4
66,2,3
66,5,5
66,4,4
66,12,3
66,38,3
66,15,4
66,1,2
66,28,3
66,23,3
66,10,5
66,31,1
66,44,2
66,45,1
66,14,4
66,20,4
66,22,2
66,36,1
66,37,2
66,40,3
66,30,2
66,16,3
66,3,4
66,11,3
66,46,1
66,47,1
66,42,2
66,13,3
66,32,1
66,26,3
66,18,2
66,7,1
66,33,1
66,39,1
66,6,2
66,24,1
66,9,2
66,43,1
66,34,1
66,35,1
66,21,1
67,36,4
67,13,3
67,10,5
67,12,6
67,7,3
67,41,4
67,23,2
67,5,2
67,25,3
67,40,2
67,4,2
67,42,2
67,45,3
67,16,6
67,20,3
67,31,1
67,44,4
67,32,1
67,2,3
67,18,1
67,8,1
67,30,1
67,39,2
67,22,3
67,24,3
67,11,3
67,28,1
67,3,4
67,9,3
67,38,2
67,33,1
67,26,1
67,29,1
67,46,1
67,47,1
67,15,2
67,27,2
67,34,1
67,14,3
67,19,1
67,35,1
67,48,1
67,1,1
68,8,4
68,2,7
68,16,8
68,26,3
68,5,4
68,31,1
68,37,3
68,40,4
68,4,5
68,10,5
68,20,3
68,38,2
68,13,2
68,48,2
68,6,2
68,43,3
68,17,2
68,29,2
68,42,3
68,45,1
68,1,3
68,27,1
68,24,2
68,9,3
68,3,3
68,14,3
68,12,2
68,36,2
68,25,4
68,15,3
68,47,1
68,23,1
68,7,1
68,22,1
68,11,1
68,44,1
68,39,1
68,28,1
69,30,3
69,43,2
69,45,4
69,13,5
69,4,3
69,28,1
69,40,1
69,14,5
69,12,4
69,46,3
69,24,1
69,38,3
69,1,3
69,27,4
69,16,3
69,39,2
69,31,1
69,2,4
69,23,3
69,41,1
69,3,4
69,9,5
69,21,1
69,48,1
69,44,3
69,26,4
69,37,1
69,25,2
69,10,1
69,17,2
69,18,2
69,5,3
69,22,4
69,8,1
69,32,1
69,15,1
69,20,2
69,33,1
69,34,1
69,47,1
69,35,1
69,11,2
70,5,5
70,2,3
70,28,2
70,12,3
70,6,4
70,18,2
70,4,2
70,41,2
70,11,3
70,3,5
70,31,1
70,23,2
70,1,3
70,25,1
70,22,5
70,39,3
70,21,3
70,42,2
70,14,2
70,47,4
70,48,4
70,16,4
70,13,6
70,40,3
70,26,4
70,15,1
70,8,1
70,10,4
70,27,2
70,43,1
70,9,3
70,37,2
70,20,1
70,46,2
70,36,2
70,29,1
70,38,1
70,7,1
71,21,7
71,2,2
71,26,3
71,9,2
71,31,1
71,45,3
71,32,1
71,7,3
71,15,6
71,43,1
71,28,2
71,5,4
71,22,2
71,11,5
71,41,3
71,33,1
71,10,4
71,1,3
71,42,1
71,36,2
71,4,3
71,12,4
71,3,3
71,25,2
71,13,2
71,34,1
71,8,3
71,6,2
71,38,1
71,20,4
71,24,2
71,39,1
71,14,4
71,47,1
71,16,4
71,23,2
71,17,1
71,40,1
71,27,1
71,44,1
71,19,1
72,11,4
72,39,2
72,23,4
72,2,4
72,13,5
72,46,3
72,9,3
72,1,4
72,31,1
72,45,3
72,6,4
72,15,5
72,29,2
72,32,1
72,33,1
72,16,5
72,8,2
72,25,3
72,4,2
72,27,1
72,5,3
72,42,1
72,48,1
72,24,2
72,41,4
72,40,2
72,30,1
72,28,2
72,12,1
72,44,3
72,38,3
72,26,3
72,36,1
72,21,1
72,20,3
72,10,1
72,34,1
72,22,2
72,19,1
72,43,2
72,17,1
72,35,1
72,14,1
73,11,3
73,4,7
73,40,3
73,3,4
73,46,1
73,37,2
73,20,3
73,2,2
73,44,1
73,7,1
73,1,3
73,9,4
73,5,4
73,41,5
73,48,1
73,14,1
73,38,4
73,15,4
73,19,1
73,21,6
73,24,1
73,16,2
73,43,3
73,22,7
73,25,3
73,10,3
73,31,1
73,6,2
73,18,1
73,23,3
73,26,1
73,28,4
73,27,1
73,13,2
73,36,1
73,12,1
73,47,1
73,17,1
73,29,2
74,31,1
74,13,2
74,38,6
74,3,1
74,36,1
74,5,4
74,25,1
74,16,4
74,18,1
74,39,2
74,10,3
74,4,6
74,26,5
74,11,4
74,43,2
74,9,4
74,48,1
74,22,4
74,41,3
74,20,1
74,2,4
74,21,1
74,17,1
74,15,4
74,1,5
74,42,1
74,28,2
74,47,1
74,37,6
74,46,3
74,24,1
74,27,3
74,45,1
74,32,1
74,23,2
74,7,1
74,33,1
74,40,1
74,34,1
74,14,1
74,44,1
74,29,1
74,6,1
75,7,3
75,30,1
75,14,6
75,26,4
75,48,2
75,8,2
75,42,4
75,11,4
75,16,3
75,36,1
75,1,3
75,28,1
75,10,3
75,15,5
75,37,3
75,13,4
75,31,1
75,21,1
75,22,5
75,12,5
75,41,3
75,2,2
75,20,3
75,25,6
75,44,3
75,29,2
75,32,1
75,9,2
75,4,3
75,5,2
75,23,2
75,27,2
75,39,1
75,33,1
75,6,1
75,17,1
75,3,2
75,34,1
75,24,1
76,13,3
76,14,5
76,24,3
76,25,3
76,31,1
76,15,5
76,32,1
76,1,1
76,9,6
76,6,2
76,23,4
76,5,2
76,11,5
76,39,2
76,45,1
76,17,2
76,33,1
76,16,4
76,4,3
76,46,1
76,41,3
76,47,1
76,44,3
76,19,3
76,3,5
76,34,1
76,12,1
76,22,2
76,18,2
76,43,1
76,48,4
76,20,3
76,42,1
76,29,2
76,21,2
76,10,1
76,26,1
76,38,1
76,35,1
76,30,1
76,8,1
76,7,2
76,2,3
77,6,1
77,2,3
77,12,3
77,14,6
77,10,6
77,20,4
77,36,2
77,42,2
77,43,3
77,38,2
77,5,6
77,28,2
77,27,5
77,22,4
77,31,1
77,46,2
77,24,4
77,9,1
77,7,1
77,18,2
77,32,1
77,16,3
77,17,3
77,3,1
77,13,2
77,1,4
77,33,1
77,15,2
77,41,4
77,29,2
77,44,2
77,37,1
77,25,2
77,40,1
77,45,1
77,48,1
77,34,1
77,39,1
77,4,3
77,8,1
77,26,1
77,23,1
77,35,1
78,31,1
78,46,1
78,3,4
78,25,4
78,29,1
78,45,2
78,26,2
78,18,3
78,20,3
78,41,4
78,32,1
78,16,3
78,38,1
78,12,4
78,5,4
78,13,3
78,44,1
78,4,3
78,36,4
78,19,1
78,15,3
78,33,1
78,9,5
78,34,1
78,8,1
78,24,1
78,37,2
78,14,2
78,42,2
78,28,1
78,10,5
78,27,1
78,11,2
78,39,2
78,1,3
78,2,3
78,35,1
78,22,1
78,43,2
78,40,2
78,6,1
78,17,3
78,21,1
78,30,2
78,23,2
79,43,2
79,37,5
79,28,1
79,25,2
79,24,2
79,14,3
79,23,4
79,13,4
79,16,7
79,12,4
79,47,4
79,10,4
79,5,7
79,26,2
79,3,4
79,40,3
79,31,1
79,22,4
79,6,1
79,1,3
79,4,1
79,46,3
79,21,1
79,45,2
79,18,2
79,42,2
79,29,1
79,32,1
79,39,1
79,41,2
79,30,1
79,9,2
79,33,1
79,36,1
79,20,3
79,44,1
79,11,2
79,27,2
79,2,1
79,19,1
79,48,1
79,17,1
80,16,5
80,26,3
80,39,3
80,24,4
80,6,1
80,11,4
80,22,5
80,25,7
80,15,1
80,14,4
80,37,3
80,8,1
80,3,5
80,28,2
80,20,3
80,12,2
80,41,2
80,31,1
80,45,3
80,1,2
80,5,3
80,9,4
80,17,1
80,36,2
80,43,1
80,23,2
80,18,2
80,42,2
80,32,1
80,4,2
80,10,5
80,47,2
80,13,1
80,29,1
80,33,1
80,48,1
80,7,1
80,30,2
80,27,1
80,44,1
80,40,1
80,2,1
80,34,1
81,10,5
81,17,3
81,31,1
81,1,3
81,22,5
81,13,5
81,11,3
81,45,2
81,9,5
81,27,2
81,21,1
81,12,3
81,29,3
81,16,4
81,7,2
81,3,2
81,41,4
81,43,2
81,14,5
81,44,2
81,39,3
81,2,2
81,48,2
81,23,2
81,37,2
81,15,3
81,24,2
81,20,2
81,30,1
81,46,1
81,28,2
81,47,2
81,4,1
81,42,3
81,18,2
81,38,1
81,6,1
81,26,1
81,5,1
81,36,1
81,25,3
82,21,3
82,27,3
82,4,5
82,29,1
82,23,5
82,7,2
82,14,4
82,16,2
82,12,3
82,6,3
82,41,4
82,47,1
82,44,2
82,36,1
82,11,5
82,43,1
82,9,3
82,28,4
82,42,1
82,39,3
82,25,2
82,31,1
82,37,2
82,1,2
82,22,5
82,5,3
82,20,4
82,3,4
82,32,1
82,26,3
82,8,1
82,48,1
82,13,1
82,15,1
82,10,3
82,24,2
82,17,1
82,33,1
82,19,1
82,18,1
82,2,2
82,45,1
82,40,1
83,16,6
83,44,1
83,20,3
83,8,4
83,38,1
83,23,4
83,21,1
83,45,4
83,11,3
83,10,5
83,42,1
83,13,5
83,14,3
83,5,3
83,17,2
83,27,1
83,47,3
83,1,3
83,15,4
83,7,2
83,9,3
83,28,2
83,3,2
83,36,1
83,39,1
83,25,3
83,26,3
83,41,2
83,31,1
83,43,2
83,6,3
83,37,2
83,12,3
83,4,1
83,18,2
83,22,2
83,30,1
83,40,1
83,32,1
83,33,1
83,34,1
83,19,1
83,35,1
83,2,1
84,11,6
84,48,2
84,23,4
84,46,4
84,40,3
84,16,2
84,5,4
84,41,5
84,15,2
84,39,1
84,25,1
84,44,1
84,36,2
84,19,2
84,28,1
84,31,1
84,47,2
84,27,2
84,12,2
84,26,3
84,3,3
84,24,2
84,29,1
84,13,6
84,8,2
84,7,2
84,2,3
84,22,4
84,4,4
84,43,1
84,20,1
84,32,1
84,30,2
84,6,3
84,42,1
84,18,2
84,1,2
84,14,3
84,33,1
84,10,1
84,38,2
84,21,1
84,9,1
84,34,1
85,37,3
85,23,4
85,36,2
85,16,7
85,10,3
85,12,2
85,38,1
85,31,1
85,15,6
85,1,2
85,29,1
85,27,3
85,46,2
85,5,2
85,24,3
85,45,1
85,32,1
85,4,3
85,40,2
85,25,3
85,33,1
85,14,5
85,2,4
85,39,3
85,13,2
85,22,3
85,43,1
85,8,1
85,42,2
85,34,1
85,41,3
85,26,3
85,48,3
85,9,3
85,11,3
85,30,1
85,21,2
85,47,2
85,7,1
85,35,1
85,28,1
85,6,1
85,20,1
86,10,7
86,46,3
86,31,1
86,13,3
86,2,8
86,43,3
86,26,2
86,11,4
86,36,3
86,41,2
86,27,4
86,29,1
86,8,2
86,5,5
86,16,4
86,40,1
86,25,5
86,18,3
86,12,1
86,21,4
86,20,3
86,38,3
86,47,1
86,14,3
86,23,4
86,15,2
86,28,3
86,44,1
86,22,1
86,3,2
86,32,1
86,6,1
86,9,2
86,19,1
86,33,1
86,1,1
86,7,1
86,37,1
86,4,2
87,5,1
87,29,2
87,21,1
87,2,4
87,41,5
87,31,1
87,8,1
87,40,3
87,15,5
87,4,1
87,39,2
87,23,5
87,12,4
87,9,4
87,36,4
87,28,3
87,3,4
87,10,4
87,17,1
87,20,5
87,48,1
87,22,4
87,42,2
87,46,2
87,1,5
87,26,3
87,14,1
87,25,4
87,13,5
87,19,1
87,45,1
87,37,1
87,11,2
87,43,1
87,30,1
87,6,1
87,16,1
87,47,1
87,7,1
87,38,1
87,32,1
88,5,4
88,21,2
88,12,5
88,28,1
88,37,1
88,4,2
88,16,6
88,15,8
88,13,4
88,3,5
88,42,1
88,2,4
88,19,1
88,31,1
88,29,1
88,47,3
88,41,2
88,11,2
88,8,2
88,25,7
88,39,4
88,27,1
88,30,1
88,32,1
88,46,3
88,23,5
88,33,1
88,34,1
88,6,3
88,36,2
88,1,2
88,48,2
88,20,2
88,26,2
88,44,1
88,9,2
88,22,1
88,17,1
88,24,1
88,40,1
88,10,1
89,26,6
89,3,6
89,16,3
89,45,2
89,41,7
89,37,1
89,36,2
89,29,2
89,8,3
89,40,1
89,1,4
89,6,1
89,12,4
89,25,2
89,22,3
89,38,2
89,7,2
89,15,4
89,11,4
89,9,6
89,13,2
89,31,1
89,10,2
89,32,1
89,30,1
89,2,2
89,20,2
89,17,1
89,21,2
89,39,1
89,14,4
89,19,1
89,33,1
89,24,3
89,23,2
89,47,1
89,34,1
89,4,2
89,35,1
89,46,1
89,18,1
89,44,1
89,42,1
90,43,2
90,1,4
90,14,3
90,17,2
90,12,6
90,20,3
90,7,1
90,31,1
90,38,4
90,6,3
90,36,2
90,23,3
90,46,3
90,15,3
90,25,5
90,5,2
90,3,2
90,41,2
90,13,5
90,9,4
90,32,1
90,10,6
90,47,1
90,2,2
90,48,2
90,33,1
90,8,2
90,42,1
90,45,2
90,11,3
90,4,3
90,34,1
90,37,3
90,26,4
90,16,1
90,27,1
90,19,1
90,39,2
90,22,1
90,21,1
90,35,1
91,45,2
91,31,1
91,4,1
91,48,1
91,7,5
91,1,5
91,41,6
91,39,1
91,18,2
91,47,2
91,19,1
91,10,4
91,14,5
91,22,6
91,20,1
91,11,4
91,16,3
91,36,4
91,17,2
91,12,5
91,28,2
91,8,4
91,26,2
91,38,1
91,9,2
91,21,3
91,42,1
91,46,2
91,3,2
91,32,1
91,2,3
91,33,1
91,13,4
91,25,2
91,30,1
91,40,1
91,34,1
91,15,3
91,44,1
91,43,1
91,23,1
92,15,2
92,31,1
92,48,2
92,20,4
92,41,5
92,10,3
92,37,1
92,1,2
92,16,5
92,43,3
92,25,4
92,29,2
92,13,5
92,27,2
92,22,6
92,26,1
92,5,4
92,40,2
92,17,2
92,42,2
92,7,1
92,11,5
92,45,1
92,47,2
92,3,4
92,9,3
92,14,2
92,38,2
92,12,2
92,44,3
92,2,1
92,32,1
92,23,2
92,6,3
92,39,1
92,8,3
92,4,2
92,33,1
92,24,1
92,36,1
92,18,1
93,2,3
93,6,4
93,3,4
93,5,6
93,4,5
93,23,1
93,9,4
93,27,2
93,22,6
93,14,2
93,25,4
93,1,4
93,39,3
93,20,3
93,17,2
93,18,2
93,7,1
93,45,2
93,8,1
93,10,4
93,42,1
93,37,2
93,38,1
93,11,5
93,15,2
93,12,1
93,16,1
93,13,2
93,41,4
93,26,2
93,36,1
93,31,1
93,32,1
93,44,1
93,40,1
93,21,1
93,48,2
93,30,2
93,33,1
93,46,1
93,29,2
93,34,1
93,43,1
94,5,4
94,10,5
94,46,3
94,31,1
94,2,6
94,25,5
94,23,4
94,4,1
94,48,1
94,38,3
94,24,3
94,21,4
94,43,1
94,9,4
94,41,1
94,27,4
94,32,1
94,28,2
94,14,2
94,37,2
94,11,3
94,33,1
94,3,2
94,12,5
94,18,2
94,1,2
94,6,2
94,36,3
94,7,3
94,45,2
94,26,2
94,8,3
94,34,1
94,35,1
94,16,1
94,29,1
94,22,2
94,20,1
94,42,2
94,15,2
94,39,1
94,13,1
95,26,5
95,48,1
95,31,1
95,37,1
95,45,3
95,25,7
95,41,4
95,5,5
95,30,2
95,20,2
95,39,5
95,23,5
95,32,1
95,12,3
95,10,3
95,46,4
95,7,2
95,28,2
95,22,3
95,13,3
95,15,1
95,42,3
95,24,1
95,47,3
95,8,2
95,33,1
95,4,4
95,2,3
95,44,3
95,3,3
95,16,3
95,27,1
95,9,2
95,43,1
95,36,1
95,34,1
95,14,1
95,38,1
95,1,1
95,35,1
95,6,1
96,31,1
96,24,1
96,12,5
96,14,1
96,13,3
96,9,1
96,26,2
96,46,4
96,25,5
96,5,2
96,44,5
96,21,3
96,18,1
96,15,7
96,39,1
96,11,3
96,23,3
96,19,1
96,10,4
96,16,8
96,38,4
96,3,2
96,27,2
96,8,1
96,22,1
96,20,5
96,37,1
96,42,3
96,43,2
96,6,1
96,4,1
96,45,2
96,40,2
96,30,2
96,2,3
96,41,1
96,28,2
96,36,1
96,32,1
96,33,1
96,1,1
97,28,1
97,25,4
97,11,3
97,1,4
97,31,1
97,32,1
97,26,5
97,13,2
97,7,2
97,20,3
97,33,1
97,4,4
97,22,1
97,14,1
97,10,4
97,16,5
97,29,2
97,5,4
97,23,3
97,34,1
97,39,4
97,38,3
97,15,4
97,41,3
97,18,4
97,12,3
97,2,3
97,36,2
97,45,2
97,30,1
97,9,5
97,47,2
97,42,3
97,8,1
97,21,1
97,48,2
97,43,2
97,35,1
97,17,1
97,19,1
98,19,4
98,31,1
98,16,4
98,41,3
98,13,2
98,7,3
98,25,5
98,22,7
98,48,1
98,2,7
98,40,1
98,42,3
98,5,1
98,6,1
98,3,2
98,26,5
98,23,1
98,37,2
98,14,5
98,46,2
98,20,5
98,15,4
98,8,2
98,4,3
98,28,1
98,47,3
98,36,2
98,43,1
98,30,2
98,38,2
98,21,1
98,12,3
98,45,2
98,9,1
98,11,1
98,17,1
98,27,1
98,24,1
98,1,1
98,32,1
98,33,1
98,34,1
99,5,5
99,44,3
99,10,3
99,36,2
99,15,3
99,2,3
99,9,2
99,25,3
99,37,2
99,30,1
99,24,2
99,8,3
99,1,4
99,43,3
99,48,2
99,3,3
99,38,3
99,12,5
99,28,1
99,11,3
99,41,2
99,14,4
99,31,1
99,13,4
99,32,1
99,40,2
99,21,2
99,7,4
99,18,2
99,17,2
99,26,2
99,27,3
99,47,2
99,33,1
99,20,2
99,34,1
99,4,1
99,22,2
99,23,1
99,16,2
99,19,1
99,46,1
99,6,1
