run,card_id,card_frequency
0,57,1
0,43,4
0,14,5
0,16,5
0,31,1
0,5,7
0,13,3
0,22,4
0,45,3
0,32,1
0,24,2
0,18,3
0,20,2
0,23,2
0,1,2
0,11,2
0,3,2
0,9,1
0,36,3
0,33,1
0,41,5
0,6,2
0,34,1
0,10,2
0,42,2
0,38,1
0,40,2
0,12,3
0,37,3
0,15,2
0,19,2
0,47,1
0,46,2
0,7,3
0,26,1
0,30,2
0,48,1
0,35,1
0,27,2
0,25,2
0,58,1
0,44,1
0,28,1
0,59,1
0,60,1
0,4,1
1,10,6
1,31,1
1,21,3
1,23,4
1,5,4
1,29,3
1,11,2
1,27,3
1,15,2
1,20,4
1,25,3
1,41,3
1,4,5
1,40,1
1,57,1
1,3,4
1,46,3
1,45,4
1,14,5
1,28,1
1,44,3
1,16,4
1,42,2
1,24,3
1,43,1
1,7,2
1,6,1
1,47,3
1,1,1
1,22,2
1,32,1
1,33,1
1,37,2
1,58,1
1,12,3
1,48,1
1,59,1
1,60,1
1,17,1
1,36,1
1,34,1
1,8,1
1,61,1
2,20,4
2,11,7
2,13,3
2,9,4
2,5,4
2,40,2
2,41,3
2,37,2
2,26,4
2,49,1
2,12,3
2,18,1
2,14,3
2,36,2
2,27,2
2,10,4
2,2,5
2,7,2
2,31,1
2,22,3
2,15,2
2,45,2
2,44,4
2,42,1
2,43,2
2,23,2
2,16,3
2,4,1
2,25,2
2,1,2
2,46,3
2,48,4
2,39,1
2,47,1
2,38,2
2,57,1
2,32,1
2,17,2
2,3,2
2,21,1
2,58,1
3,27,3
3,10,5
3,13,5
3,23,4
3,5,4
3,24,1
3,16,7
3,40,1
3,15,2
3,12,4
3,42,2
3,36,3
3,45,1
3,48,4
3,57,1
3,4,2
3,41,4
3,25,2
3,20,4
3,26,3
3,22,2
3,37,1
3,1,4
3,38,1
3,7,3
3,18,3
3,43,1
3,2,2
3,47,1
3,58,1
3,17,2
3,11,3
3,3,3
3,39,1
3,28,1
3,31,1
3,9,2
3,44,1
3,14,1
3,19,1
3,59,1
3,6,1
3,46,1
4,8,3
4,10,3
4,28,2
4,6,2
4,15,5
4,25,4
4,37,4
4,42,4
4,44,2
4,9,3
4,46,4
4,13,4
4,5,3
4,38,4
4,16,3
4,48,1
4,31,1
4,3,3
4,1,4
4,36,3
4,4,2
4,22,3
4,40,1
4,29,1
4,20,3
4,57,1
4,32,1
4,33,1
4,47,1
4,11,4
4,23,4
4,41,3
4,21,1
4,7,2
4,19,1
4,27,2
4,58,1
4,17,1
4,34,1
4,14,1
4,45,1
4,39,1
4,26,1
5,47,1
5,36,3
5,4,4
5,2,3
5,3,3
5,22,3
5,11,5
5,25,4
5,49,1
5,28,2
5,38,1
5,14,2
5,23,6
5,12,5
5,9,3
5,31,1
5,27,2
5,29,2
5,40,4
5,20,3
5,1,3
5,48,1
5,50,1
5,5,2
5,41,3
5,46,2
5,8,2
5,7,1
5,10,3
5,57,1
5,26,3
5,43,1
5,15,2
5,21,2
5,17,1
5,58,1
5,24,1
5,16,2
5,6,1
5,59,1
5,60,1
5,13,1
5,42,2
5,61,1
5,44,1
5,32,1
5,18,1
6,49,1
6,25,3
6,5,5
6,23,4
6,20,5
6,4,3
6,11,5
6,10,4
6,41,5
6,26,3
6,22,7
6,13,4
6,2,3
6,27,2
6,57,1
6,31,1
6,16,2
6,24,3
6,58,1
6,15,3
6,9,2
6,17,1
6,3,1
6,59,1
6,40,3
6,8,1
6,37,1
6,45,2
6,39,2
6,14,2
6,32,1
6,36,1
6,60,1
6,12,2
6,6,1
6,18,2
6,1,1
6,44,2
6,28,2
6,33,1
6,48,1
6,42,1
6,7,1
6,34,1
6,29,1
7,11,3
7,2,6
7,27,3
7,26,1
7,38,2
7,10,4
7,5,4
7,22,2
7,48,1
7,15,2
7,23,3
7,46,3
7,57,1
7,12,1
7,19,2
7,25,3
7,28,2
7,41,4
7,31,1
7,20,6
7,16,2
7,24,1
7,1,2
7,42,3
7,4,2
7,9,6
7,8,3
7,3,2
7,17,1
7,18,2
7,58,1
7,32,1
7,14,4
7,33,1
7,47,2
7,30,1
7,39,1
7,21,2
7,29,1
7,7,1
7,45,1
7,44,1
7,34,1
7,13,1
7,35,1
7,49,1
7,36,1
8,6,2
8,31,1
8,10,5
8,22,3
8,2,6
8,37,2
8,24,2
8,5,4
8,1,4
8,25,4
8,14,4
8,16,5
8,21,2
8,44,3
8,57,1
8,41,4
8,12,3
8,20,2
8,18,1
8,40,2
8,23,5
8,11,5
8,30,1
8,46,1
8,42,2
8,43,1
8,27,2
8,26,2
8,15,3
8,32,1
8,3,1
8,17,1
8,9,5
8,8,2
8,13,1
8,33,1
8,38,2
8,7,1
8,34,1
8,47,1
8,4,1
9,43,2
9,9,5
9,18,1
9,23,3
9,7,2
9,45,2
9,15,3
9,12,5
9,25,4
9,41,1
9,20,3
9,48,1
9,42,3
9,5,5
9,21,1
9,44,3
9,14,4
9,38,4
9,26,2
9,3,2
9,17,1
9,27,4
9,8,2
9,4,1
9,57,1
9,11,3
9,16,2
9,22,4
9,31,1
9,13,3
9,2,3
9,36,3
9,39,3
9,58,1
9,30,1
9,40,2
9,37,1
9,46,1
9,1,1
9,28,1
9,59,1
9,6,1
9,10,1
9,29,1
9,60,1
10,41,1
10,4,5
10,14,3
10,49,1
10,31,1
10,17,1
10,3,4
10,22,6
10,5,4
10,40,3
10,27,2
10,11,5
10,25,5
10,10,4
10,42,2
10,46,1
10,43,1
10,2,4
10,9,3
10,13,4
10,32,1
10,18,1
10,6,2
10,33,1
10,16,2
10,57,1
10,23,2
10,26,5
10,58,1
10,1,3
10,59,1
10,44,2
10,38,1
10,29,2
10,28,1
10,30,1
10,20,3
10,8,1
10,24,1
10,47,1
10,12,1
10,60,1
10,7,3
10,34,1
10,15,1
11,7,1
11,20,3
11,11,2
11,41,3
11,15,4
11,36,4
11,16,4
11,6,3
11,13,5
11,28,2
11,21,2
11,27,2
11,10,3
11,1,4
11,12,3
11,43,3
11,2,3
11,38,3
11,3,2
11,4,6
11,39,2
11,22,3
11,23,2
11,25,1
11,8,2
11,47,2
11,45,4
11,57,1
11,18,1
11,9,2
11,14,3
11,31,1
11,30,1
11,24,2
11,32,1
11,26,1
11,33,1
11,48,1
11,58,1
11,46,2
11,34,1
11,44,1
11,40,1
11,35,1
12,26,5
12,15,1
12,3,6
12,12,4
12,25,1
12,14,4
12,57,1
12,41,5
12,58,1
12,44,1
12,20,3
12,11,5
12,59,1
12,38,3
12,47,1
12,10,4
12,21,1
12,5,3
12,16,4
12,31,1
12,23,6
12,24,1
12,60,1
12,32,1
12,7,1
12,42,2
12,39,2
12,1,2
12,46,1
12,13,1
12,2,4
12,8,2
12,6,2
12,61,1
12,43,1
12,37,1
12,45,1
12,40,3
12,9,2
12,22,1
12,19,1
12,33,1
12,29,2
12,62,1
12,48,1
12,28,1
12,4,1
12,18,1
13,38,2
13,22,2
13,12,5
13,1,4
13,37,1
13,15,1
13,11,4
13,19,2
13,36,2
13,9,4
13,16,5
13,49,1
13,31,1
13,10,6
13,20,3
13,57,1
13,23,4
13,40,2
13,28,2
13,3,1
13,7,2
13,39,2
13,41,3
13,13,2
13,2,4
13,44,2
13,58,1
13,46,1
13,5,3
13,14,3
13,59,1
13,27,2
13,25,2
13,42,2
13,60,1
13,18,2
13,8,1
13,32,1
13,33,1
13,21,2
13,6,3
13,4,2
13,34,1
13,43,1
13,30,1
13,26,1
14,21,1
14,25,3
14,16,3
14,10,4
14,20,3
14,28,5
14,26,4
14,42,4
14,23,2
14,46,3
14,2,4
14,5,2
14,39,1
14,30,4
14,24,2
14,41,4
14,14,2
14,6,1
14,13,3
14,4,1
14,9,3
14,12,3
14,31,1
14,32,1
14,17,2
14,44,3
14,33,1
14,36,2
14,1,3
14,27,1
14,3,3
14,34,1
14,29,2
14,15,3
14,22,1
14,45,1
14,11,4
14,7,1
14,38,2
14,57,1
14,47,1
14,58,1
14,43,1
14,37,1
14,35,1
15,9,4
15,27,3
15,26,2
15,5,4
15,48,2
15,1,3
15,31,1
15,20,3
15,29,1
15,25,5
15,17,2
15,11,5
15,19,2
15,13,2
15,15,5
15,22,3
15,38,2
15,39,1
15,10,5
15,6,1
15,4,4
15,23,2
15,2,1
15,3,3
15,24,1
15,44,2
15,16,2
15,46,1
15,41,4
15,32,1
15,14,5
15,28,1
15,33,1
15,40,2
15,21,2
15,45,1
15,47,1
15,57,1
15,12,4
15,8,2
15,43,1
15,36,1
15,42,1
16,4,4
16,3,2
16,21,3
16,47,2
16,57,1
16,10,5
16,26,4
16,11,6
16,15,6
16,2,3
16,14,2
16,5,5
16,6,2
16,24,2
16,29,2
16,46,4
16,12,3
16,9,3
16,16,6
16,44,2
16,23,3
16,13,2
16,39,1
16,22,3
16,40,1
16,27,1
16,45,1
16,37,2
16,28,2
16,43,2
16,30,1
16,25,3
16,41,3
16,8,1
16,48,2
16,7,1
16,31,1
16,58,1
16,32,1
16,59,1
17,57,1
17,46,3
17,43,4
17,16,7
17,11,4
17,14,3
17,18,3
17,31,1
17,32,1
17,5,2
17,13,3
17,41,2
17,12,6
17,23,3
17,9,5
17,3,2
17,6,5
17,26,3
17,58,1
17,4,4
17,33,1
17,59,1
17,34,1
17,10,1
17,36,3
17,19,3
17,7,2
17,44,1
17,39,1
17,60,1
17,2,1
17,61,1
17,1,2
17,24,1
17,47,2
17,27,1
17,35,1
17,8,2
17,22,1
17,49,1
17,45,2
17,29,1
17,28,1
17,37,1
17,15,1
17,17,1
17,25,1
17,30,1
18,11,2
18,31,1
18,16,8
18,26,4
18,15,5
18,3,2
18,10,3
18,7,1
18,49,1
18,5,5
18,25,1
18,23,5
18,6,4
18,32,1
18,40,2
18,22,3
18,1,5
18,2,2
18,45,1
18,29,2
18,37,4
18,39,2
18,33,1
18,34,1
18,35,1
18,41,4
18,13,1
18,46,1
18,12,2
18,50,1
18,14,2
18,24,2
18,27,2
18,4,5
18,18,1
18,8,1
18,38,2
18,9,2
18,43,3
18,42,1
18,30,1
18,44,1
18,21,1
19,38,2
19,29,3
19,31,1
19,15,2
19,2,6
19,23,1
19,5,1
19,42,3
19,14,3
19,41,2
19,47,4
19,36,2
19,13,6
19,28,4
19,25,3
19,24,1
19,20,3
19,7,3
19,39,2
19,12,2
19,4,3
19,16,3
19,30,1
19,9,2
19,1,3
19,18,3
19,3,3
19,32,1
19,33,1
19,37,3
19,48,1
19,45,1
19,6,2
19,26,2
19,34,1
19,11,2
19,8,1
19,44,2
19,22,2
19,40,1
19,35,1
19,57,1
19,21,1
19,58,1
19,17,1
19,27,2
19,49,1
20,1,4
20,57,1
20,49,1
20,9,3
20,10,2
20,4,5
20,12,4
20,43,4
20,23,2
20,28,1
20,31,1
20,3,1
20,7,2
20,14,3
20,18,3
20,29,4
20,15,4
20,27,2
20,13,4
20,39,2
20,38,4
20,32,1
20,22,1
20,36,3
20,17,2
20,58,1
20,6,3
20,37,2
20,33,1
20,2,3
20,8,1
20,45,1
20,11,4
20,5,3
20,34,1
20,20,1
20,44,3
20,59,1
20,35,1
20,41,2
20,46,1
20,26,2
20,48,1
20,16,1
20,40,1
20,50,1
20,25,1
21,25,3
21,31,1
21,4,2
21,44,3
21,16,6
21,14,5
21,17,2
21,3,3
21,49,1
21,23,3
21,18,4
21,11,3
21,20,2
21,22,3
21,6,1
21,10,2
21,9,3
21,5,5
21,13,3
21,43,2
21,1,3
21,12,3
21,46,1
21,38,3
21,32,1
21,57,1
21,2,4
21,48,2
21,33,1
21,42,2
21,26,2
21,36,2
21,39,2
21,50,1
21,21,2
21,51,1
21,8,1
21,40,1
21,34,1
21,29,1
21,52,1
21,27,1
21,15,2
21,24,1
21,58,1
21,41,1
21,35,1
22,11,2
22,27,2
22,45,3
22,3,3
22,21,1
22,41,2
22,43,3
22,1,2
22,10,4
22,37,2
22,16,3
22,9,4
22,23,10
22,2,3
22,25,5
22,14,2
22,20,3
22,8,2
22,36,2
22,57,1
22,29,2
22,30,1
22,7,1
22,22,2
22,26,5
22,5,2
22,15,3
22,13,3
22,47,1
22,44,2
22,28,3
22,31,1
22,48,2
22,49,1
22,4,5
22,12,1
22,24,2
22,40,2
22,32,1
22,39,1
23,41,4
23,16,7
23,1,4
23,43,3
23,10,4
23,15,5
23,4,3
23,20,4
23,42,3
23,39,2
23,25,3
23,30,1
23,17,5
23,24,2
23,19,1
23,27,2
23,23,4
23,31,1
23,12,5
23,8,2
23,47,1
23,5,2
23,3,4
23,49,1
23,40,2
23,32,1
23,18,1
23,26,2
23,13,2
23,22,2
23,48,2
23,44,2
23,45,2
23,9,1
23,11,1
23,7,1
23,33,1
23,34,1
23,46,1
23,36,1
23,35,1
23,28,1
23,14,1
23,21,1
24,6,5
24,5,2
24,49,1
24,27,3
24,3,2
24,30,1
24,28,4
24,12,5
24,19,2
24,22,4
24,10,3
24,38,2
24,31,1
24,9,1
24,26,5
24,16,5
24,23,4
24,15,4
24,46,2
24,39,1
24,17,1
24,2,5
24,4,2
24,44,3
24,13,5
24,25,5
24,29,1
24,41,1
24,57,1
24,14,4
24,42,3
24,36,1
24,45,1
24,1,3
24,58,1
24,59,1
24,21,1
24,43,1
24,18,1
24,24,1
24,20,1
25,31,1
25,10,4
25,9,3
25,57,1
25,7,4
25,14,4
25,2,4
25,47,2
25,41,2
25,23,1
25,43,2
25,24,1
25,20,4
25,28,3
25,3,1
25,12,3
25,17,2
25,5,6
25,22,2
25,58,1
25,29,3
25,6,3
25,25,3
25,16,4
25,11,4
25,46,3
25,15,2
25,4,2
25,48,2
25,42,2
25,44,1
25,30,1
25,26,2
25,13,2
25,8,2
25,59,1
25,37,1
25,45,2
25,60,1
25,36,1
25,40,2
25,39,1
25,1,1
25,19,1
25,38,1
25,49,1
26,4,2
26,43,4
26,31,1
26,1,3
26,10,4
26,25,3
26,20,4
26,7,2
26,12,3
26,27,3
26,32,1
26,11,1
26,16,5
26,13,4
26,26,3
26,41,4
26,39,3
26,5,4
26,3,2
26,23,4
26,24,4
26,33,1
26,57,1
26,14,2
26,9,1
26,2,5
26,36,3
26,21,3
26,45,1
26,58,1
26,37,2
26,15,1
26,22,3
26,29,2
26,28,1
26,8,3
26,34,1
26,44,1
26,42,2
26,46,1
26,59,1
27,4,6
27,31,1
27,28,3
27,9,4
27,32,1
27,38,3
27,7,2
27,37,3
27,3,2
27,42,3
27,13,2
27,48,2
27,16,6
27,2,3
27,20,2
27,41,3
27,36,1
27,1,4
27,12,4
27,10,4
27,33,1
27,49,1
27,43,2
27,17,1
27,44,2
27,24,3
27,26,2
27,6,2
27,15,3
27,25,1
27,22,2
27,57,1
27,21,1
27,23,3
27,34,1
27,46,1
27,8,1
27,18,2
27,45,3
27,11,2
27,14,2
27,5,2
27,47,1
27,27,1
28,11,4
28,29,1
28,19,1
28,31,1
28,3,4
28,15,4
28,7,4
28,20,3
28,12,5
28,41,3
28,32,1
28,36,2
28,4,2
28,22,2
28,1,2
28,39,3
28,16,5
28,10,5
28,14,3
28,40,3
28,43,1
28,37,2
28,26,3
28,8,3
28,2,3
28,13,4
28,24,3
28,33,1
28,25,2
28,34,1
28,48,1
28,23,4
28,57,1
28,5,1
28,38,1
28,30,1
28,6,1
28,58,1
28,18,1
28,35,1
28,21,2
28,9,2
28,17,1
28,44,1
29,41,5
29,44,2
29,20,3
29,27,5
29,21,2
29,38,3
29,15,4
29,11,4
29,36,1
29,26,2
29,13,6
29,12,3
29,10,3
29,8,2
29,24,4
29,18,2
29,19,3
29,6,2
29,1,2
29,3,2
29,14,1
29,5,4
29,40,2
29,16,6
29,46,2
29,4,3
29,9,3
29,7,2
29,31,1
29,32,1
29,33,1
29,29,1
29,57,1
29,22,1
29,2,3
29,23,1
29,43,1
29,17,1
29,34,1
29,42,1
29,35,1
29,39,1
29,49,1
30,42,2
30,16,7
30,19,1
30,47,2
30,10,4
30,31,1
30,8,2
30,4,5
30,39,2
30,23,2
30,3,2
30,2,2
30,44,2
30,15,3
30,25,7
30,1,1
30,29,2
30,22,3
30,6,2
30,9,4
30,5,5
30,12,6
30,11,2
30,46,2
30,38,1
30,32,1
30,57,1
30,33,1
30,26,2
30,34,1
30,24,3
30,14,3
30,13,4
30,58,1
30,20,2
30,35,1
30,18,2
30,48,1
30,49,1
30,21,1
30,50,1
30,51,1
30,52,1
31,36,2
31,41,3
31,57,1
31,14,5
31,23,2
31,4,6
31,49,1
31,12,3
31,5,2
31,7,4
31,28,2
31,46,3
31,15,7
31,58,1
31,26,2
31,16,5
31,31,1
31,45,2
31,10,5
31,22,4
31,2,5
31,21,3
31,9,2
31,27,3
31,29,1
31,11,4
31,40,1
31,43,1
31,3,1
31,39,2
31,19,1
31,38,1
31,1,1
31,17,1
31,6,1
31,20,2
31,42,1
31,13,2
31,44,1
31,24,1
31,59,1
31,8,1
31,37,1
31,25,1
32,12,5
32,16,7
32,1,6
32,14,4
32,10,2
32,49,1
32,9,3
32,18,1
32,8,2
32,6,3
32,15,3
32,42,1
32,20,4
32,31,1
32,50,1
32,3,5
32,22,2
32,38,3
32,43,1
32,32,1
32,33,1
32,47,2
32,39,1
32,13,4
32,7,2
32,4,2
32,25,5
32,5,2
32,48,2
32,24,3
32,57,1
32,58,1
32,36,1
32,46,3
32,34,1
32,23,2
32,11,1
32,51,1
32,37,2
32,26,2
32,41,2
32,19,1
32,29,1
32,35,1
33,25,3
33,10,4
33,31,1
33,32,1
33,26,4
33,11,3
33,21,4
33,3,2
33,38,2
33,15,5
33,13,6
33,14,5
33,41,2
33,24,2
33,33,1
33,1,2
33,4,2
33,8,4
33,16,3
33,7,1
33,42,1
33,6,2
33,57,1
33,12,2
33,22,6
33,37,1
33,2,4
33,20,4
33,43,2
33,23,2
33,47,1
33,5,2
33,58,1
33,59,1
33,46,2
33,34,1
33,60,1
33,45,2
33,18,2
33,9,2
33,44,1
33,27,1
33,61,1
34,5,4
34,16,5
34,26,5
34,12,5
34,22,4
34,31,1
34,1,1
34,42,1
34,48,2
34,49,1
34,45,3
34,37,2
34,9,5
34,44,1
34,14,3
34,13,4
34,20,2
34,32,1
34,41,1
34,28,1
34,4,5
34,10,6
34,33,1
34,38,3
34,25,3
34,27,1
34,40,2
34,24,2
34,3,3
34,46,1
34,7,2
34,11,1
34,23,3
34,8,3
34,6,2
34,43,3
34,18,1
34,21,1
34,2,2
34,15,1
34,57,1
34,34,1
35,14,5
35,21,3
35,3,3
35,26,4
35,10,6
35,45,2
35,4,2
35,15,3
35,12,2
35,37,2
35,40,2
35,16,1
35,20,4
35,28,4
35,9,4
35,2,2
35,41,5
35,25,5
35,17,2
35,23,2
35,22,4
35,24,3
35,1,2
35,48,2
35,47,1
35,44,3
35,46,1
35,13,2
35,11,3
35,29,1
35,31,1
35,32,1
35,8,1
35,33,1
35,57,1
35,39,2
35,7,1
35,38,1
35,43,1
35,34,1
35,36,1
35,42,2
35,6,1
36,3,4
36,10,5
36,12,5
36,22,4
36,2,1
36,23,6
36,20,3
36,4,2
36,31,1
36,11,1
36,44,3
36,15,4
36,46,3
36,14,3
36,40,4
36,5,5
36,26,5
36,25,2
36,8,2
36,42,1
36,1,3
36,30,1
36,39,2
36,9,3
36,7,2
36,27,5
36,57,1
36,18,3
36,37,2
36,24,2
36,36,2
36,28,1
36,41,3
36,19,1
36,58,1
36,59,1
36,17,1
36,21,1
36,47,1
37,36,4
37,24,2
37,57,1
37,4,3
37,37,2
37,16,6
37,12,4
37,42,3
37,38,1
37,6,2
37,47,2
37,31,1
37,23,3
37,13,3
37,10,2
37,44,3
37,1,3
37,14,3
37,30,1
37,2,2
37,7,4
37,41,6
37,58,1
37,21,2
37,29,2
37,11,5
37,9,2
37,45,2
37,15,3
37,22,3
37,5,3
37,3,1
37,19,2
37,48,2
37,25,3
37,20,3
37,17,1
37,46,1
37,28,1
37,59,1
37,60,1
38,42,4
38,10,3
38,9,5
38,20,2
38,3,2
38,31,1
38,26,6
38,8,1
38,11,4
38,25,6
38,4,3
38,2,4
38,45,2
38,38,3
38,16,3
38,5,4
38,15,3
38,44,2
38,22,4
38,37,1
38,12,3
38,14,2
38,41,3
38,47,1
38,1,4
38,43,2
38,46,1
38,23,2
38,21,1
38,27,2
38,57,1
38,58,1
38,30,1
38,13,3
38,59,1
38,40,1
38,24,1
38,7,1
38,6,1
38,28,1
38,60,1
38,49,1
38,29,1
38,17,1
39,12,2
39,31,1
39,39,1
39,16,3
39,15,5
39,23,4
39,21,1
39,22,4
39,4,7
39,24,2
39,10,6
39,25,2
39,13,1
39,40,2
39,47,2
39,41,6
39,32,1
39,49,1
39,28,6
39,42,1
39,37,3
39,48,2
39,44,3
39,38,2
39,33,1
39,57,1
39,20,4
39,34,1
39,14,3
39,58,1
39,3,4
39,27,2
39,1,1
39,9,2
39,35,1
39,8,1
39,5,1
39,6,2
39,45,1
39,17,1
39,11,1
39,7,1
39,59,1
39,60,1
39,61,1
40,12,6
40,22,4
40,5,4
40,36,2
40,25,5
40,37,2
40,57,1
40,31,1
40,44,2
40,16,2
40,10,1
40,30,2
40,11,4
40,1,8
40,2,2
40,4,4
40,3,3
40,38,2
40,20,2
40,39,1
40,27,1
40,14,5
40,58,1
40,48,1
40,28,2
40,18,1
40,23,3
40,15,4
40,43,2
40,41,5
40,26,1
40,42,2
40,59,1
40,9,3
40,7,1
40,32,1
40,21,2
40,46,1
40,33,1
40,60,1
40,24,1
40,34,1
40,40,1
41,25,2
41,14,3
41,10,4
41,16,4
41,47,3
41,2,5
41,20,4
41,26,2
41,57,1
41,31,1
41,1,3
41,58,1
41,27,2
41,13,3
41,18,2
41,11,3
41,30,1
41,41,5
41,3,3
41,29,1
41,42,2
41,21,4
41,32,1
41,4,4
41,44,2
41,28,2
41,5,3
41,39,2
41,36,3
41,59,1
41,23,3
41,60,1
41,22,4
41,15,2
41,43,1
41,8,2
41,24,1
41,61,1
41,45,1
41,6,1
41,46,2
41,40,1
41,37,1
41,9,1
41,62,1
42,13,3
42,22,5
42,25,5
42,14,3
42,23,3
42,40,2
42,3,5
42,11,4
42,42,3
42,45,2
42,49,1
42,19,2
42,24,2
42,15,4
42,48,2
42,26,3
42,10,3
42,47,2
42,17,1
42,30,2
42,38,4
42,1,5
42,27,1
42,12,3
42,29,3
42,41,2
42,4,3
42,2,3
42,9,3
42,21,2
42,20,1
42,16,2
42,28,1
42,44,1
42,31,1
42,7,2
42,32,1
42,18,1
42,5,1
42,37,1
42,57,1
42,46,1
43,11,1
43,57,1
43,36,1
43,14,5
43,3,6
43,31,1
43,32,1
43,27,3
43,1,4
43,46,3
43,15,3
43,5,5
43,13,4
43,41,3
43,43,2
43,20,2
43,26,4
43,39,4
43,9,2
43,2,5
43,23,5
43,24,1
43,45,2
43,38,3
43,19,1
43,44,2
43,58,1
43,22,2
43,16,4
43,4,3
43,28,2
43,8,1
43,18,1
43,33,1
43,12,2
43,7,1
43,48,1
43,10,1
43,6,1
43,59,1
43,37,1
43,17,1
43,25,1
43,40,1
44,22,3
44,21,3
44,26,4
44,36,2
44,13,4
44,28,1
44,8,3
44,41,2
44,23,3
44,1,2
44,45,1
44,12,4
44,43,2
44,10,4
44,18,2
44,31,1
44,32,1
44,38,3
44,4,4
44,14,2
44,15,3
44,16,4
44,57,1
44,33,1
44,40,2
44,20,3
44,27,2
44,44,2
44,11,2
44,9,3
44,7,2
44,30,2
44,24,3
44,25,3
44,5,2
44,19,1
44,39,1
44,37,3
44,6,1
44,48,1
44,58,1
44,3,2
44,42,1
44,29,1
44,46,1
44,2,1
45,6,2
45,15,4
45,49,1
45,40,2
45,22,1
45,25,1
45,16,7
45,11,3
45,12,5
45,9,3
45,41,6
45,27,1
45,31,1
45,36,2
45,2,3
45,37,1
45,14,2
45,48,2
45,43,1
45,17,2
45,10,1
45,8,2
45,45,3
45,26,3
45,5,3
45,7,2
45,23,2
45,50,1
45,13,2
45,20,3
45,1,3
45,51,1
45,32,1
45,24,2
45,4,3
45,3,2
45,44,1
45,38,2
45,39,2
45,29,1
45,52,1
45,33,1
45,42,2
45,30,2
45,53,1
45,47,1
45,34,1
45,35,1
46,20,2
46,22,4
46,14,3
46,36,3
46,24,2
46,39,2
46,15,4
46,37,3
46,1,4
46,18,2
46,43,3
46,30,2
46,57,1
46,38,2
46,44,1
46,25,2
46,23,7
46,31,1
46,5,1
46,10,4
46,29,2
46,58,1
46,3,2
46,17,3
46,16,4
46,21,1
46,4,3
46,59,1
46,26,2
46,9,1
46,7,1
46,11,2
46,13,4
46,12,2
46,46,3
46,60,1
46,41,3
46,27,2
46,42,2
46,2,2
46,32,1
46,33,1
46,47,1
46,49,1
46,50,1
47,40,3
47,15,7
47,24,2
47,20,6
47,10,3
47,25,4
47,23,4
47,28,3
47,37,2
47,7,3
47,5,3
47,31,1
47,22,4
47,30,1
47,36,2
47,41,5
47,32,1
47,11,5
47,43,1
47,14,3
47,3,5
47,26,3
47,33,1
47,45,1
47,44,1
47,1,2
47,21,2
47,19,1
47,38,3
47,57,1
47,58,1
47,2,1
47,18,1
47,46,2
47,34,1
47,4,2
47,9,2
47,8,2
47,59,1
47,17,1
47,13,2
47,12,1
48,9,4
48,20,3
48,49,1
48,41,2
48,31,1
48,8,2
48,2,2
48,44,1
48,11,3
48,1,5
48,25,1
48,13,5
48,12,3
48,16,5
48,10,4
48,21,2
48,26,6
48,48,2
48,42,2
48,22,4
48,7,3
48,28,3
48,37,1
48,47,1
48,38,1
48,39,2
48,17,2
48,36,1
48,14,2
48,19,2
48,29,2
48,4,2
48,15,3
48,57,1
48,6,2
48,23,4
48,5,1
48,43,1
48,3,2
48,27,1
48,45,2
48,32,1
48,18,1
48,33,1
49,31,1
49,23,3
49,45,4
49,13,3
49,32,1
49,21,3
49,2,2
49,14,4
49,20,4
49,40,3
49,4,5
49,1,4
49,11,5
49,16,4
49,46,2
49,3,2
49,48,1
49,8,2
49,41,3
49,22,3
49,38,2
49,33,1
49,34,1
49,15,5
49,39,3
49,7,1
49,26,2
49,25,4
49,10,5
49,24,1
49,57,1
49,12,2
49,37,2
49,27,1
49,43,1
49,5,3
49,42,1
49,29,1
49,58,1
49,59,1
49,60,1
49,36,1
50,1,3
50,2,5
50,10,3
50,3,3
50,9,4
50,6,2
50,40,3
50,28,3
50,4,2
50,37,2
50,48,5
50,41,3
50,20,3
50,21,4
50,42,2
50,15,3
50,24,2
50,26,5
50,16,2
50,46,2
50,30,2
50,25,3
50,14,2
50,12,3
50,44,2
50,5,2
50,31,1
50,18,1
50,39,1
50,7,2
50,8,4
50,23,4
50,32,1
50,57,1
50,58,1
50,59,1
50,13,1
50,33,1
50,29,1
50,22,1
50,45,2
50,36,1
50,38,1
51,7,4
51,21,3
51,20,5
51,15,6
51,41,2
51,13,3
51,16,6
51,37,3
51,4,4
51,9,3
51,11,2
51,22,3
51,25,5
51,2,5
51,1,2
51,18,2
51,28,2
51,42,1
51,29,1
51,48,1
51,44,3
51,10,3
51,14,3
51,38,2
51,47,2
51,24,3
51,31,1
51,32,1
51,6,3
51,36,1
51,26,2
51,3,2
51,33,1
51,57,1
51,12,1
51,39,1
51,30,1
51,5,1
51,46,1
51,58,1
51,34,1
51,59,1
51,60,1
52,14,2
52,49,1
52,3,3
52,10,2
52,15,3
52,25,5
52,9,4
52,8,2
52,20,6
52,7,2
52,17,1
52,12,3
52,26,3
52,40,2
52,50,1
52,37,2
52,21,1
52,46,4
52,1,4
52,43,1
52,36,1
52,24,1
52,11,1
52,28,4
52,38,2
52,41,4
52,4,2
52,23,3
52,5,3
52,45,1
52,42,2
52,6,3
52,2,2
52,39,1
52,18,1
52,16,4
52,51,1
52,29,2
52,44,1
52,52,1
52,22,2
52,57,1
52,53,1
52,48,2
52,31,1
52,47,1
53,36,5
53,22,3
53,21,1
53,1,4
53,49,1
53,50,1
53,23,2
53,3,3
53,16,2
53,38,4
53,5,4
53,9,6
53,25,3
53,14,3
53,29,3
53,19,1
53,10,4
53,30,1
53,4,5
53,43,3
53,45,2
53,8,1
53,13,3
53,57,1
53,2,3
53,58,1
53,20,2
53,15,4
53,44,3
53,11,2
53,42,1
53,12,3
53,26,2
53,46,1
53,7,1
53,39,1
53,31,1
53,41,2
53,6,2
53,28,1
53,37,1
53,40,1
53,32,1
53,48,1
54,48,4
54,23,3
54,9,2
54,6,3
54,13,1
54,49,1
54,25,2
54,26,5
54,18,3
54,22,6
54,11,6
54,3,2
54,15,4
54,45,2
54,12,5
54,16,3
54,31,1
54,5,5
54,17,3
54,20,3
54,32,1
54,33,1
54,10,5
54,2,4
54,44,2
54,14,2
54,36,1
54,7,3
54,40,2
54,24,3
54,47,2
54,34,1
54,35,1
54,37,2
54,4,2
54,1,1
54,38,1
54,28,1
54,42,1
55,39,2
55,41,3
55,37,1
55,10,4
55,43,2
55,4,4
55,57,1
55,16,2
55,14,7
55,15,1
55,46,2
55,23,2
55,6,3
55,20,3
55,29,1
55,27,4
55,31,1
55,5,6
55,38,3
55,32,1
55,58,1
55,33,1
55,24,1
55,2,2
55,12,4
55,59,1
55,11,4
55,13,5
55,22,1
55,30,1
55,48,3
55,9,2
55,47,2
55,1,1
55,60,1
55,3,4
55,26,1
55,61,1
55,34,1
55,8,1
55,17,1
55,35,1
55,44,1
55,62,1
55,21,1
55,45,1
55,40,2
55,28,1
56,23,5
56,12,4
56,20,6
56,11,6
56,4,5
56,9,2
56,49,1
56,40,2
56,5,4
56,41,1
56,13,5
56,38,1
56,18,1
56,15,3
56,44,2
56,22,3
56,14,2
56,8,1
56,26,4
56,48,3
56,16,5
56,43,1
56,31,1
56,28,2
56,1,4
56,25,2
56,7,1
56,32,1
56,10,4
56,29,1
56,45,1
56,33,1
56,46,1
56,37,1
56,39,1
56,30,1
56,17,2
56,3,1
56,19,1
56,21,2
56,57,1
56,36,1
56,2,2
56,24,1
57,2,4
57,31,1
57,13,1
57,6,2
57,37,3
57,4,4
57,49,1
57,46,2
57,22,4
57,11,4
57,8,2
57,18,3
57,32,1
57,10,3
57,3,3
57,24,1
57,41,2
57,30,2
57,33,1
57,42,2
57,47,2
57,43,2
57,25,4
57,38,3
57,16,1
57,12,2
57,15,2
57,7,4
57,29,2
57,26,4
57,14,3
57,48,1
57,45,2
57,34,1
57,39,1
57,21,2
57,5,2
57,1,3
57,9,3
57,57,1
57,27,3
57,35,1
57,40,1
57,36,2
57,23,2
58,3,5
58,21,2
58,2,3
58,11,5
58,22,4
58,57,1
58,44,3
58,20,4
58,4,4
58,31,1
58,1,3
58,26,3
58,47,1
58,13,2
58,37,5
58,8,2
58,42,2
58,58,1
58,7,3
58,59,1
58,40,2
58,60,1
58,41,3
58,38,1
58,61,1
58,14,2
58,25,3
58,12,2
58,28,1
58,27,2
58,23,4
58,36,3
58,62,1
58,32,1
58,16,3
58,17,2
58,45,3
58,5,2
58,29,1
58,33,1
58,24,1
58,9,2
58,15,1
58,48,1
58,6,1
59,16,4
59,4,3
59,1,5
59,9,7
59,6,1
59,5,3
59,25,3
59,12,4
59,40,5
59,22,2
59,8,1
59,20,6
59,17,2
59,41,4
59,30,1
59,38,4
59,23,4
59,31,1
59,57,1
59,10,4
59,44,1
59,58,1
59,13,2
59,43,1
59,14,3
59,26,3
59,37,2
59,59,1
59,2,3
59,60,1
59,45,1
59,28,2
59,15,3
59,18,2
59,36,2
59,42,1
59,32,1
59,24,1
59,46,1
59,39,1
59,21,1
59,33,1
60,10,3
60,26,4
60,22,5
60,24,2
60,20,3
60,45,2
60,6,3
60,31,1
60,43,3
60,5,2
60,28,1
60,14,4
60,32,1
60,3,3
60,17,3
60,25,5
60,46,3
60,15,2
60,11,3
60,2,3
60,8,2
60,12,2
60,16,7
60,41,4
60,9,2
60,4,2
60,40,4
60,1,3
60,42,1
60,47,2
60,7,2
60,44,3
60,33,1
60,18,1
60,23,2
60,13,2
60,39,1
60,48,1
60,21,1
60,34,1
61,15,2
61,7,2
61,10,3
61,19,1
61,1,2
61,3,3
61,42,4
61,14,2
61,43,2
61,5,3
61,31,1
61,12,2
61,8,3
61,40,2
61,27,2
61,9,4
61,17,1
61,39,3
61,30,2
61,38,3
61,2,2
61,22,4
61,32,1
61,33,1
61,13,5
61,36,1
61,57,1
61,20,1
61,44,1
61,46,1
61,47,1
61,25,4
61,58,1
61,11,3
61,26,3
61,34,1
61,29,2
61,4,4
61,18,2
61,6,1
61,59,1
61,37,2
61,21,2
61,24,2
61,41,2
61,45,1
61,16,2
61,60,1
62,4,5
62,11,5
62,26,7
62,48,2
62,25,4
62,22,6
62,14,3
62,3,2
62,44,3
62,1,3
62,40,3
62,12,2
62,21,3
62,31,1
62,38,2
62,37,2
62,2,6
62,29,2
62,16,3
62,6,1
62,24,2
62,32,1
62,23,3
62,33,1
62,28,1
62,47,2
62,15,2
62,9,3
62,5,2
62,10,1
62,42,1
62,57,1
62,39,1
62,45,1
62,43,1
62,30,1
62,34,1
62,20,2
62,8,1
62,58,1
62,46,1
62,41,2
62,59,1
62,49,1
62,60,1
63,37,4
63,49,1
63,44,1
63,47,1
63,17,1
63,41,6
63,25,2
63,22,1
63,7,1
63,13,4
63,21,3
63,36,3
63,20,3
63,10,3
63,31,1
63,42,1
63,28,4
63,12,4
63,32,1
63,46,2
63,26,2
63,16,4
63,33,1
63,23,3
63,27,1
63,3,2
63,39,1
63,9,1
63,50,1
63,6,3
63,11,5
63,24,1
63,4,5
63,40,1
63,51,1
63,14,2
63,15,1
63,5,3
63,45,1
63,43,1
63,34,1
63,18,1
63,1,2
63,8,2
63,30,1
63,48,2
63,35,1
63,2,1
63,57,1
63,38,1
64,22,2
64,11,4
64,21,2
64,43,4
64,14,5
64,9,2
64,18,1
64,20,3
64,26,4
64,49,1
64,4,4
64,27,3
64,2,4
64,12,2
64,23,4
64,15,3
64,57,1
64,28,3
64,5,1
64,13,4
64,31,1
64,6,2
64,38,3
64,39,1
64,36,4
64,16,1
64,58,1
64,48,3
64,42,1
64,32,1
64,1,2
64,59,1
64,50,1
64,10,3
64,25,4
64,33,1
64,7,2
64,3,2
64,46,2
64,34,1
64,37,1
64,29,1
64,24,1
64,17,1
64,60,1
64,51,1
65,21,4
65,16,6
65,15,4
65,11,2
65,36,1
65,19,2
65,45,3
65,3,3
65,57,1
65,9,5
65,22,4
65,12,1
65,31,1
65,46,2
65,2,2
65,41,3
65,28,3
65,38,1
65,10,3
65,14,3
65,32,1
65,17,1
65,42,5
65,8,2
65,25,3
65,6,3
65,58,1
65,13,3
65,30,1
65,44,3
65,59,1
65,5,3
65,23,2
65,4,2
65,60,1
65,39,1
65,40,1
65,29,1
65,33,1
65,7,2
65,26,2
65,20,1
65,37,1
65,27,1
65,1,1
65,47,1
65,34,1
66,26,4
66,57,1
66,2,2
66,1,6
66,28,2
66,58,1
66,8,2
66,59,1
66,46,2
66,14,2
66,31,1
66,45,3
66,23,4
66,16,4
66,5,4
66,10,4
66,32,1
66,60,1
66,21,1
66,3,7
66,25,3
66,4,2
66,15,1
66,22,5
66,42,2
66,12,5
66,29,2
66,47,2
66,33,1
66,34,1
66,43,2
66,11,4
66,20,4
66,35,1
66,30,1
66,40,1
66,7,1
66,36,1
66,13,2
66,49,1
66,17,1
66,27,1
66,19,1
66,50,1
66,24,1
67,10,3
67,40,4
67,20,2
67,26,2
67,45,4
67,24,2
67,12,1
67,6,2
67,57,1
67,11,5
67,31,1
67,27,3
67,39,1
67,48,2
67,32,1
67,4,5
67,1,3
67,3,2
67,14,5
67,38,1
67,41,5
67,42,1
67,36,1
67,23,4
67,19,1
67,58,1
67,22,2
67,21,3
67,2,4
67,5,2
67,30,3
67,43,1
67,44,2
67,47,2
67,9,2
67,29,1
67,7,1
67,33,1
67,15,3
67,8,1
67,28,1
67,18,1
67,37,2
67,17,1
67,34,1
67,16,2
67,13,1
68,26,7
68,10,5
68,57,1
68,21,2
68,49,1
68,18,2
68,9,3
68,12,5
68,58,1
68,59,1
68,3,3
68,23,4
68,50,1
68,2,3
68,47,2
68,15,5
68,20,3
68,60,1
68,61,1
68,46,1
68,13,2
68,28,4
68,17,1
68,14,3
68,1,3
68,62,1
68,25,2
68,42,1
68,41,4
68,31,1
68,40,2
68,22,3
68,7,2
68,6,2
68,51,1
68,24,2
68,36,1
68,11,3
68,5,1
68,27,1
68,4,1
68,8,2
68,45,1
68,32,1
68,16,2
68,29,1
69,31,1
69,9,4
69,26,4
69,36,2
69,6,3
69,57,1
69,2,7
69,16,4
69,58,1
69,8,2
69,45,2
69,20,4
69,27,3
69,41,5
69,3,5
69,11,4
69,21,3
69,43,2
69,44,2
69,15,2
69,5,1
69,23,2
69,18,2
69,25,3
69,17,2
69,40,3
69,10,3
69,4,3
69,48,1
69,14,1
69,7,1
69,1,1
69,22,3
69,39,1
69,13,3
69,59,1
69,32,1
69,46,2
69,33,1
69,34,1
69,38,1
69,12,1
69,60,1
70,1,2
70,18,3
70,10,5
70,41,5
70,21,4
70,9,6
70,11,5
70,38,4
70,2,2
70,22,3
70,16,2
70,49,1
70,20,2
70,15,4
70,31,1
70,47,1
70,28,2
70,32,1
70,8,1
70,40,3
70,13,1
70,57,1
70,43,2
70,23,3
70,4,2
70,26,2
70,5,4
70,33,1
70,3,3
70,34,1
70,7,4
70,58,1
70,59,1
70,25,2
70,14,4
70,39,1
70,36,2
70,17,2
70,12,1
70,44,1
70,35,1
70,48,1
70,37,1
70,30,1
71,2,7
71,31,1
71,9,4
71,43,2
71,8,2
71,3,5
71,10,3
71,26,2
71,20,3
71,45,2
71,22,3
71,23,5
71,44,3
71,6,2
71,57,1
71,25,4
71,1,4
71,15,2
71,5,1
71,16,5
71,14,4
71,32,1
71,58,1
71,33,1
71,27,2
71,7,2
71,12,1
71,36,2
71,11,2
71,13,1
71,17,1
71,24,3
71,40,3
71,18,1
71,19,1
71,59,1
71,46,2
71,4,2
71,39,2
71,47,2
71,41,3
71,60,1
72,16,3
72,37,5
72,23,4
72,9,2
72,8,3
72,13,1
72,3,3
72,2,4
72,11,5
72,15,4
72,10,4
72,57,1
72,31,1
72,25,2
72,14,2
72,36,3
72,42,3
72,39,4
72,1,4
72,41,2
72,21,1
72,12,3
72,26,2
72,58,1
72,40,1
72,43,1
72,38,2
72,28,1
72,32,1
72,7,1
72,22,3
72,59,1
72,27,1
72,48,2
72,46,1
72,60,1
72,4,4
72,45,1
72,19,1
72,18,1
72,20,3
72,33,1
72,34,1
72,24,1
72,35,1
72,5,1
72,44,1
72,6,1
73,26,5
73,6,3
73,31,1
73,7,2
73,25,5
73,41,5
73,16,5
73,10,3
73,20,4
73,27,2
73,2,2
73,28,2
73,8,3
73,13,3
73,36,2
73,37,1
73,3,3
73,29,3
73,11,1
73,9,4
73,15,1
73,21,3
73,40,2
73,23,2
73,12,3
73,46,3
73,38,1
73,39,2
73,42,3
73,14,5
73,57,1
73,1,2
73,44,1
73,17,2
73,5,1
73,24,1
73,32,1
73,22,1
73,58,1
73,33,1
73,45,2
73,49,1
73,4,1
74,19,3
74,29,2
74,11,4
74,5,2
74,49,1
74,16,5
74,24,2
74,22,4
74,41,5
74,2,3
74,30,1
74,10,5
74,21,3
74,9,3
74,3,3
74,25,4
74,42,2
74,40,1
74,31,1
74,37,3
74,46,2
74,28,1
74,13,1
74,8,4
74,15,2
74,57,1
74,4,5
74,36,2
74,1,4
74,26,4
74,44,2
74,45,2
74,32,1
74,38,1
74,33,1
74,43,2
74,58,1
74,20,1
74,47,2
74,59,1
74,14,1
74,23,1
74,17,1
75,22,3
75,14,1
75,37,5
75,42,1
75,1,6
75,43,3
75,12,1
75,25,3
75,40,1
75,15,2
75,39,2
75,41,5
75,47,2
75,3,3
75,27,1
75,11,3
75,24,2
75,5,4
75,23,6
75,36,2
75,21,1
75,4,3
75,57,1
75,29,1
75,46,2
75,6,2
75,7,3
75,31,1
75,26,1
75,8,3
75,58,1
75,16,4
75,59,1
75,2,2
75,9,3
75,20,4
75,60,1
75,13,1
75,10,2
75,38,1
75,45,2
75,17,1
75,61,1
75,49,1
75,32,1
76,15,5
76,12,7
76,41,5
76,31,1
76,24,1
76,32,1
76,2,2
76,4,4
76,3,3
76,14,3
76,11,3
76,9,2
76,37,4
76,5,4
76,39,2
76,23,6
76,22,2
76,38,3
76,8,2
76,25,3
76,44,3
76,20,4
76,40,1
76,42,1
76,13,4
76,47,2
76,33,1
76,26,3
76,27,2
76,36,1
76,46,1
76,10,2
76,18,2
76,16,3
76,17,1
76,28,1
76,1,2
76,29,1
76,45,1
76,30,1
77,36,3
77,14,4
77,2,4
77,12,5
77,3,2
77,26,4
77,9,4
77,31,1
77,20,5
77,16,4
77,1,5
77,22,3
77,38,5
77,44,1
77,57,1
77,41,1
77,6,2
77,10,3
77,8,2
77,43,3
77,25,4
77,58,1
77,47,1
77,15,2
77,5,4
77,7,2
77,32,1
77,4,1
77,18,2
77,33,1
77,21,1
77,23,3
77,37,1
77,59,1
77,34,1
77,17,1
77,42,1
77,11,1
77,60,1
77,35,1
77,13,3
77,61,1
77,45,1
77,48,1
77,28,1
78,31,1
78,1,2
78,21,3
78,3,4
78,25,4
78,29,2
78,23,4
78,6,4
78,27,3
78,14,7
78,4,4
78,18,1
78,2,7
78,15,5
78,20,2
78,32,1
78,13,4
78,57,1
78,9,4
78,24,1
78,22,2
78,5,1
78,38,1
78,11,4
78,26,3
78,16,1
78,58,1
78,12,3
78,43,1
78,37,2
78,7,2
78,33,1
78,34,1
78,45,2
78,35,1
78,42,1
78,49,1
78,39,2
78,46,1
78,41,1
78,44,1
78,59,1
78,10,1
78,28,1
79,16,4
79,27,4
79,20,3
79,39,3
79,3,5
79,31,1
79,32,1
79,1,5
79,26,4
79,5,3
79,7,2
79,28,2
79,17,2
79,23,4
79,44,1
79,24,2
79,4,2
79,41,2
79,14,5
79,57,1
79,10,2
79,33,1
79,45,2
79,12,2
79,43,3
79,25,3
79,18,2
79,15,2
79,47,1
79,9,5
79,46,2
79,37,1
79,11,5
79,2,3
79,48,1
79,6,1
79,36,2
79,34,1
79,8,2
79,22,1
79,42,1
79,30,1
80,17,1
80,47,5
80,14,5
80,16,4
80,20,3
80,26,4
80,23,4
80,5,2
80,45,2
80,46,2
80,2,3
80,21,3
80,15,2
80,39,1
80,31,1
80,13,4
80,22,4
80,9,5
80,41,3
80,36,1
80,44,4
80,57,1
80,29,1
80,8,2
80,25,3
80,3,1
80,37,2
80,19,1
80,40,1
80,12,4
80,58,1
80,7,2
80,10,3
80,11,2
80,1,1
80,38,1
80,28,1
80,18,1
80,59,1
80,24,1
80,27,1
80,60,1
80,42,1
80,30,1
80,32,1
80,6,1
80,61,1
81,16,3
81,22,6
81,6,2
81,41,4
81,4,6
81,3,1
81,30,2
81,1,4
81,11,4
81,31,1
81,12,4
81,14,5
81,32,1
81,44,2
81,20,4
81,27,4
81,39,2
81,36,2
81,5,3
81,13,5
81,10,3
81,38,1
81,33,1
81,46,1
81,43,1
81,8,3
81,25,3
81,37,1
81,49,1
81,15,2
81,26,1
81,40,2
81,23,2
81,17,1
81,29,1
81,28,3
81,21,1
81,19,2
81,57,1
81,9,3
81,42,1
82,23,4
82,10,6
82,4,5
82,3,5
82,9,4
82,7,1
82,43,1
82,57,1
82,6,3
82,48,1
82,31,1
82,15,1
82,1,5
82,39,2
82,2,5
82,41,2
82,27,1
82,25,3
82,13,4
82,36,3
82,14,3
82,22,4
82,26,3
82,47,3
82,28,2
82,42,3
82,17,2
82,21,1
82,44,1
82,58,1
82,20,3
82,46,2
82,38,1
82,5,2
82,12,4
82,30,1
82,11,1
82,59,1
82,16,2
82,24,1
82,60,1
83,16,4
83,9,3
83,20,3
83,25,4
83,42,2
83,18,1
83,5,5
83,8,2
83,43,1
83,14,7
83,22,5
83,37,3
83,15,2
83,31,1
83,13,3
83,1,5
83,2,4
83,10,1
83,23,6
83,38,2
83,24,2
83,27,3
83,30,2
83,4,1
83,45,2
83,12,2
83,6,3
83,57,1
83,36,2
83,41,2
83,11,2
83,26,3
83,32,1
83,58,1
83,21,1
83,29,1
83,3,1
83,39,2
83,40,1
83,49,1
83,59,1
83,33,1
84,12,5
84,15,2
84,31,1
84,38,1
84,3,4
84,27,2
84,4,6
84,1,5
84,14,3
84,43,3
84,13,2
84,47,1
84,8,1
84,25,5
84,20,4
84,21,3
84,45,2
84,23,2
84,7,2
84,22,3
84,6,1
84,10,2
84,48,1
84,36,2
84,57,1
84,40,2
84,42,4
84,28,2
84,29,2
84,9,3
84,11,2
84,41,2
84,16,5
84,44,1
84,26,6
84,39,2
84,32,1
84,5,1
84,33,1
84,58,1
84,34,1
85,19,2
85,23,1
85,29,2
85,14,3
85,7,2
85,4,3
85,24,3
85,25,4
85,9,4
85,31,1
85,37,1
85,22,3
85,32,1
85,1,2
85,38,2
85,27,2
85,5,3
85,57,1
85,30,1
85,13,2
85,11,2
85,10,4
85,58,1
85,15,3
85,41,4
85,42,1
85,45,1
85,3,5
85,59,1
85,16,4
85,12,5
85,17,1
85,36,3
85,60,1
85,8,3
85,46,1
85,6,1
85,48,2
85,39,2
85,2,3
85,33,1
85,43,1
85,26,4
85,47,1
85,18,1
85,61,1
86,10,3
86,22,6
86,40,4
86,2,4
86,29,1
86,39,2
86,42,2
86,26,4
86,16,6
86,8,6
86,11,6
86,25,3
86,3,2
86,38,2
86,6,2
86,31,1
86,49,1
86,20,2
86,14,2
86,1,4
86,47,1
86,4,3
86,32,1
86,41,4
86,33,1
86,13,1
86,9,3
86,7,2
86,12,2
86,45,2
86,23,2
86,37,1
86,27,2
86,36,1
86,44,2
86,5,1
86,15,3
86,24,1
86,34,1
86,57,1
86,58,1
86,17,1
87,4,6
87,5,4
87,46,1
87,2,3
87,7,2
87,14,5
87,27,2
87,9,2
87,37,2
87,57,1
87,42,4
87,58,1
87,25,4
87,6,2
87,17,1
87,23,3
87,26,5
87,31,1
87,19,1
87,44,1
87,18,2
87,13,4
87,1,2
87,41,1
87,28,5
87,3,3
87,29,2
87,11,3
87,16,4
87,10,2
87,22,2
87,45,1
87,24,1
87,59,1
87,8,1
87,39,2
87,47,2
87,20,2
87,38,2
87,36,1
87,60,1
87,32,1
87,61,1
87,33,1
87,43,1
87,40,1
88,47,3
88,36,1
88,16,5
88,3,4
88,24,3
88,4,4
88,5,4
88,2,5
88,9,1
88,26,5
88,45,4
88,17,1
88,13,1
88,37,4
88,23,4
88,20,2
88,46,3
88,18,1
88,31,1
88,6,3
88,10,2
88,48,2
88,12,2
88,21,3
88,22,2
88,28,1
88,1,3
88,44,2
88,8,3
88,11,1
88,43,2
88,41,3
88,14,2
88,25,1
88,27,1
88,40,1
88,32,1
88,19,1
88,7,2
88,33,1
88,34,1
88,35,1
88,49,1
88,29,1
88,39,1
89,29,2
89,10,4
89,26,5
89,44,2
89,22,4
89,7,3
89,31,1
89,14,3
89,25,3
89,13,5
89,46,2
89,1,4
89,41,2
89,2,4
89,3,2
89,24,2
89,16,3
89,40,1
89,5,3
89,39,2
89,11,4
89,21,3
89,57,1
89,20,3
89,27,2
89,4,4
89,8,1
89,45,1
89,42,3
89,12,2
89,17,2
89,23,1
89,58,1
89,9,2
89,28,2
89,43,1
89,59,1
89,47,1
89,38,1
89,15,2
89,32,1
89,33,1
89,60,1
89,18,1
89,37,1
90,7,3
90,16,5
90,10,3
90,41,2
90,25,4
90,46,4
90,2,3
90,12,3
90,31,1
90,29,1
90,49,1
90,11,1
90,14,4
90,9,3
90,22,4
90,5,3
90,23,4
90,28,4
90,40,4
90,39,3
90,18,2
90,45,3
90,50,1
90,43,2
90,51,1
90,27,2
90,52,1
90,32,1
90,33,1
90,15,1
90,48,1
90,1,2
90,36,2
90,26,3
90,24,2
90,13,2
90,3,1
90,6,1
90,20,1
90,53,1
90,4,1
90,42,2
90,38,1
90,54,1
90,44,2
90,47,1
90,21,1
91,31,1
91,3,2
91,2,2
91,5,3
91,23,4
91,20,5
91,49,1
91,26,3
91,46,2
91,37,4
91,15,3
91,28,4
91,1,5
91,22,6
91,30,1
91,6,2
91,4,2
91,13,3
91,12,4
91,41,3
91,50,1
91,11,3
91,39,3
91,8,2
91,43,4
91,14,3
91,48,2
91,25,1
91,40,1
91,51,1
91,9,3
91,16,2
91,27,1
91,36,1
91,7,2
91,10,3
91,29,1
91,38,1
91,45,1
91,32,1
91,33,1
91,52,1
91,34,1
92,4,5
92,36,6
92,41,7
92,48,3
92,1,2
92,22,5
92,25,4
92,3,7
92,44,2
92,26,3
92,38,2
92,12,2
92,15,3
92,9,2
92,47,2
92,31,1
92,6,2
92,23,3
92,14,2
92,11,6
92,28,1
92,13,1
92,19,1
92,30,1
92,8,2
92,20,1
92,16,2
92,2,2
92,5,3
92,37,4
92,43,1
92,29,1
92,7,2
92,18,1
92,21,3
92,10,1
92,42,2
92,27,1
92,46,1
93,24,1
93,4,4
93,40,1
93,43,4
93,31,1
93,13,4
93,37,1
93,25,3
93,5,6
93,11,3
93,3,4
93,26,3
93,9,6
93,44,2
93,27,1
93,41,3
93,20,4
93,39,2
93,2,4
93,38,2
93,45,3
93,28,1
93,12,4
93,22,3
93,32,1
93,33,1
93,21,2
93,10,1
93,18,2
93,8,1
93,30,2
93,15,4
93,42,3
93,57,1
93,23,2
93,7,2
93,34,1
93,1,2
93,16,2
93,19,1
93,29,1
93,35,1
94,49,1
94,20,2
94,9,3
94,6,4
94,27,3
94,22,3
94,3,3
94,24,4
94,1,2
94,10,2
94,31,1
94,4,3
94,2,3
94,13,2
94,32,1
94,15,6
94,14,2
94,41,4
94,12,5
94,21,2
94,40,1
94,18,1
94,28,2
94,16,5
94,33,1
94,25,4
94,5,2
94,26,4
94,48,1
94,45,4
94,7,1
94,46,1
94,44,2
94,29,2
94,11,2
94,36,2
94,57,1
94,8,3
94,38,1
94,19,1
94,47,1
94,17,1
94,37,1
95,22,3
95,16,6
95,11,8
95,4,5
95,14,1
95,24,3
95,27,4
95,38,1
95,10,3
95,44,4
95,15,4
95,23,5
95,17,1
95,13,3
95,30,1
95,7,4
95,49,1
95,57,1
95,18,2
95,31,1
95,12,4
95,41,2
95,48,1
95,32,1
95,1,2
95,5,3
95,3,5
95,33,1
95,34,1
95,42,2
95,39,2
95,6,2
95,58,1
95,26,1
95,35,1
95,59,1
95,20,1
95,8,1
95,43,1
95,25,1
95,29,1
95,37,2
95,47,1
95,36,1
96,3,4
96,24,2
96,22,6
96,13,4
96,4,4
96,25,5
96,44,4
96,57,1
96,42,1
96,23,3
96,5,3
96,15,3
96,6,1
96,40,4
96,1,3
96,41,2
96,30,1
96,58,1
96,46,1
96,7,2
96,26,1
96,21,3
96,27,2
96,43,2
96,37,1
96,9,4
96,20,4
96,14,1
96,17,1
96,2,2
96,31,1
96,45,1
96,28,2
96,38,2
96,16,2
96,8,4
96,59,1
96,29,2
96,11,1
96,60,1
96,61,1
96,48,1
96,39,1
96,32,1
96,33,1
96,62,1
96,12,1
97,23,1
97,13,4
97,31,1
97,20,2
97,15,4
97,25,4
97,43,2
97,12,3
97,24,2
97,7,3
97,46,1
97,9,3
97,17,2
97,11,5
97,10,2
97,44,5
97,14,2
97,22,6
97,1,4
97,6,2
97,21,2
97,27,2
97,42,3
97,38,1
97,57,1
97,26,2
97,48,3
97,30,2
97,16,3
97,3,3
97,2,3
97,29,2
97,32,1
97,40,1
97,5,2
97,4,2
97,58,1
97,8,1
97,36,1
97,45,1
97,33,1
97,41,1
97,47,1
97,28,2
98,27,3
98,3,4
98,11,2
98,21,3
98,22,3
98,43,4
98,37,2
98,41,5
98,45,2
98,1,1
98,24,3
98,9,3
98,4,5
98,46,2
98,12,3
98,16,5
98,36,2
98,42,3
98,6,2
98,20,4
98,18,2
98,23,3
98,38,3
98,31,1
98,2,3
98,19,2
98,13,3
98,7,1
98,8,1
98,14,3
98,15,1
98,30,2
98,26,2
98,25,1
98,44,3
98,5,2
98,32,1
98,57,1
98,58,1
98,33,1
98,29,1
98,10,1
99,21,2
99,49,1
99,31,1
99,44,2
99,4,3
99,32,1
99,50,1
99,39,2
99,12,2
99,27,2
99,11,5
99,38,1
99,26,4
99,10,2
99,13,1
99,5,5
99,3,3
99,48,1
99,14,5
99,51,1
99,16,4
99,20,5
99,33,1
99,6,3
99,15,2
99,34,1
99,36,1
99,18,2
99,1,5
99,29,1
99,42,2
99,47,1
99,19,1
99,37,2
99,40,2
99,23,3
99,45,1
99,35,1
99,8,2
99,9,4
99,41,2
99,2,1
99,46,1
99,28,1
99,7,1
99,52,1
99,25,1
99,22,1
99,53,1
99,17,1
